idx,names_test,street_view_exists,model_0_street_view_prediction,model_1_street_view_prediction,model_2_street_view_prediction,model_3_street_view_prediction,model_4_street_view_prediction,model_5_topview_prediction,model_6_topview_prediction,model_7_topview_prediction,model_8_topview_prediction,model_9_topview_prediction,model_10_sentinelview_prediction,model_11_sentinelview_prediction,model_12_sentinelview_prediction,model_13_sentinelview_prediction,model_14_sentinelview_prediction
0,22mhjewvtj,True,"[0.04440528 0.02121747 0.02173925 0.60334027 0.0353535  0.17648083
 0.09746337]","[0.08883367 0.14552388 0.13003692 0.3718682  0.03669228 0.19475834
 0.03228668]","[0.01375142 0.02263701 0.00797681 0.91288966 0.01745714 0.00851078
 0.01677721]","[0.04708768 0.04424858 0.00955051 0.26376536 0.30512327 0.27508345
 0.05514113]","[0.02449157 0.05096216 0.04039039 0.3771058  0.3092883  0.12729092
 0.07047077]","[0.0276538  0.05368849 0.14861456 0.51624674 0.1861143  0.02987882
 0.03780327]","[0.01512241 0.01415206 0.01423636 0.02810935 0.89104813 0.03408313
 0.00324853]","[0.01997796 0.00241635 0.01432936 0.02170547 0.8484958  0.07974089
 0.01333414]","[0.00982796 0.00789552 0.00694931 0.01978634 0.9234678  0.02433513
 0.00773798]","[0.04604818 0.04413424 0.07495206 0.542328   0.21276966 0.04539012
 0.03437776]",[],[],[],[],[]
1,22pujdqtiu,True,"[0.02302518 0.03271963 0.04194046 0.01526814 0.0905562  0.74561834
 0.05087208]","[0.0216017  0.01283179 0.00784046 0.03705684 0.3296327  0.4791567
 0.11187977]","[0.0124775  0.00890529 0.02156474 0.00883281 0.0831884  0.8099218
 0.0551095 ]","[0.04306812 0.03508632 0.02693719 0.01343553 0.449613   0.20215495
 0.2297049 ]","[0.02098291 0.04486931 0.13137707 0.0224573  0.1925301  0.32463968
 0.26314366]","[0.00609035 0.01305525 0.00568697 0.00324494 0.00750353 0.15529191
 0.809127  ]","[0.00343202 0.04773989 0.01866199 0.00818292 0.07128488 0.60699284
 0.24370545]","[0.00276783 0.01600032 0.01662746 0.0082015  0.01665785 0.29952782
 0.6402172 ]","[0.00405493 0.08192595 0.03048218 0.00990998 0.20391616 0.57953906
 0.09017177]","[0.02350714 0.02380315 0.0233374  0.02105273 0.05651913 0.57443064
 0.27734983]",[],[],[],[],[]
2,23ykackznc,False,[],[],[],[],[],"[0.02743988 0.13907313 0.28004685 0.3026304  0.08506954 0.05700339
 0.10873677]","[0.08112022 0.11246052 0.16362889 0.2050687  0.04908962 0.07977763
 0.30885443]","[0.30793667 0.05648569 0.23932743 0.14003108 0.06722824 0.12512039
 0.06387051]","[0.01729184 0.346401   0.13618119 0.16346379 0.03579487 0.08358563
 0.21728174]","[0.21939339 0.15418863 0.14193036 0.19066666 0.12531956 0.09390789
 0.07459342]",[],[],[],[],[]
3,2435ikdnmf,True,"[0.02200964 0.12392852 0.729839   0.0184158  0.04590667 0.02697306
 0.0329273 ]","[0.02818146 0.5700479  0.27250677 0.02826632 0.02916305 0.04479395
 0.02704054]","[0.01693394 0.04203754 0.8293347  0.03708361 0.01493556 0.02951219
 0.03016244]","[0.03189985 0.59042853 0.2455794  0.04098723 0.0188541  0.05191221
 0.0203387 ]","[0.00945819 0.7219537  0.15215857 0.02354842 0.00920571 0.02358772
 0.06008774]","[0.07017467 0.7840641  0.05353314 0.02757736 0.01583708 0.02485392
 0.02395967]","[0.79596424 0.12053491 0.01471557 0.03620194 0.01900666 0.00842338
 0.00515338]","[0.8695771  0.09010721 0.0035317  0.00520925 0.01306618 0.01132678
 0.00718193]","[0.7518747  0.17442681 0.00934459 0.02462125 0.01493174 0.00925384
 0.01554719]","[0.46550986 0.297821   0.14731447 0.0303835  0.02048442 0.02400222
 0.01448456]",[],[],[],[],[]
4,24akvvheae,False,[],[],[],[],[],"[0.35456976 0.09477183 0.08120549 0.14639436 0.0273967  0.2518951
 0.04376672]","[0.53380084 0.03651712 0.18101107 0.13396694 0.06383382 0.01680549
 0.03406468]","[0.1958802  0.01364753 0.5126641  0.16534685 0.04819104 0.0339307
 0.03033954]","[0.4207579  0.18770057 0.06962503 0.1110991  0.07845385 0.05663674
 0.07572674]","[0.44235665 0.16214472 0.17223229 0.1006965  0.04773036 0.04319447
 0.03164505]",[],[],[],[],[]
5,24d983q6sy,True,"[0.01225771 0.03805805 0.7289017  0.01727816 0.1829582  0.01103449
 0.00951172]","[0.01405311 0.11106596 0.8017994  0.01456947 0.02658506 0.02244266
 0.00948438]","[0.03906513 0.09093806 0.65122217 0.05448309 0.04615637 0.1093569
 0.00877837]","[0.01297162 0.11447229 0.7425215  0.00839311 0.07245671 0.0397241
 0.00946052]","[0.01774134 0.06736892 0.7758858  0.00428169 0.08262318 0.04228409
 0.00981498]","[0.0201789  0.01540583 0.7606653  0.07030049 0.02383065 0.00853639
 0.10108243]","[0.01135057 0.01692706 0.57810843 0.33610275 0.02968938 0.00933543
 0.01848637]","[0.01601119 0.00581876 0.86566734 0.04324212 0.01265923 0.02130314
 0.03529816]","[0.01656932 0.03677901 0.2883394  0.22151175 0.35953394 0.01505105
 0.06221546]","[0.019651   0.01261167 0.7302828  0.15714249 0.04132867 0.00912736
 0.02985603]",[],[],[],[],[]
6,24jyazdpcb,False,[],[],[],[],[],"[0.01543805 0.03614593 0.05751238 0.64190084 0.18480723 0.02535467
 0.03884089]","[0.02212129 0.00486381 0.07169153 0.04649996 0.56507057 0.25620702
 0.03354586]","[0.0433059  0.01098686 0.13585553 0.2644997  0.4802012  0.03167038
 0.03348047]","[0.02784269 0.01805667 0.02487077 0.35597134 0.4655743  0.09051649
 0.01716767]","[0.06185251 0.02714442 0.12459388 0.4209762  0.21414465 0.05486067
 0.09642775]",[],[],[],[],[]
7,25nnpektbr,False,[],[],[],[],[],"[0.1397234  0.04657857 0.08047206 0.22019061 0.05619255 0.32647654
 0.13036627]","[0.08414134 0.47021797 0.18479343 0.01091308 0.04511242 0.00789781
 0.19692391]","[0.633083   0.10483836 0.05196704 0.06984771 0.07612593 0.04119001
 0.02294779]","[0.35781297 0.15735342 0.12750512 0.07163549 0.15794462 0.07700336
 0.05074504]","[0.45688605 0.13872351 0.20467816 0.09220427 0.05550558 0.02416194
 0.02784042]",[],[],[],[],[]
8,25wtfxzutb,False,[],[],[],[],[],"[0.00740901 0.01931939 0.02009032 0.01876805 0.05473618 0.86129767
 0.01837933]","[0.0288887  0.01966843 0.02108406 0.15668747 0.05575423 0.4424136
 0.27550355]","[0.0136801  0.01800109 0.01341513 0.00411241 0.10408488 0.8247998
 0.02190659]","[0.00810586 0.01174146 0.00809954 0.01293487 0.14311656 0.80729455
 0.0087071 ]","[0.02500544 0.01422363 0.04015669 0.2494962  0.21089774 0.26279503
 0.19742529]",[],[],[],[],[]
9,25xqvcygmf,False,[],[],[],[],[],"[0.04196032 0.07003917 0.4851726  0.19719182 0.15186366 0.03609577
 0.01767668]","[0.02598084 0.04313038 0.22543639 0.08528823 0.507096   0.1065955
 0.00647268]","[0.00997863 0.05745914 0.04908898 0.05617072 0.12817557 0.69276696
 0.00635998]","[0.07774791 0.12139947 0.1412668  0.39543724 0.13415706 0.02263029
 0.10736123]","[0.06213827 0.06627137 0.13552119 0.34205073 0.19849929 0.06066073
 0.13485835]",[],[],[],[],[]
10,26msckhpuv,False,[],[],[],[],[],"[0.01584718 0.01282867 0.09192628 0.36180037 0.36236203 0.02203627
 0.13319917]","[0.10000146 0.08881271 0.142501   0.20349196 0.12067699 0.22212216
 0.12239375]","[0.0044005  0.02618653 0.01586944 0.0587312  0.0756317  0.75872666
 0.06045398]","[0.02660724 0.07161397 0.01299906 0.6250671  0.1041401  0.12821348
 0.03135904]","[0.08369226 0.13162288 0.2147348  0.2733028  0.0734256  0.18147817
 0.04174345]",[],[],[],[],[]
11,26s6bk4y3j,True,"[0.00639017 0.01038754 0.8483649  0.09430426 0.00967595 0.01769921
 0.01317811]","[0.01273818 0.00459656 0.58881783 0.36390686 0.00467371 0.009872
 0.01539482]","[0.02189141 0.01626784 0.34688118 0.57671595 0.00618271 0.01808661
 0.01397439]","[0.01931576 0.00971513 0.72789615 0.21380565 0.00850247 0.01303577
 0.00772915]","[0.01310193 0.00780661 0.85650486 0.05057308 0.00932865 0.03967819
 0.02300664]","[0.0087071  0.01230245 0.09819034 0.82564235 0.02606723 0.01215333
 0.01693709]","[0.01521558 0.00842322 0.2467841  0.64076835 0.05981664 0.0140784
 0.01491367]","[0.01281614 0.00681575 0.04940195 0.827583   0.07800346 0.01111626
 0.01426353]","[0.00848449 0.00855828 0.03859262 0.9041422  0.01649523 0.0122395
 0.0114876 ]","[0.02783308 0.02572194 0.25683373 0.61682385 0.05050876 0.00780792
 0.0144708 ]",[],[],[],[],[]
12,275nuxhzcs,True,"[0.05172154 0.01541626 0.0063253  0.00674279 0.04090786 0.8673118
 0.01157452]","[0.03125715 0.0112201  0.00734903 0.00841848 0.03233431 0.8966837
 0.01273713]","[0.01572939 0.00554203 0.01660918 0.01269276 0.03873929 0.879559
 0.03112845]","[0.05087259 0.00759633 0.01378611 0.03232322 0.07051121 0.79575455
 0.02915605]","[0.01874005 0.0519806  0.01602569 0.05141173 0.039707   0.8010704
 0.02106457]","[0.02655832 0.0244248  0.02312906 0.03813924 0.05328608 0.7286211
 0.10584133]","[0.03177283 0.01950576 0.03506699 0.01484244 0.11372936 0.71043366
 0.07464897]","[0.01260106 0.00420472 0.01051252 0.00675071 0.04317055 0.8627131
 0.06004744]","[0.02264851 0.02024585 0.02895682 0.01573183 0.0312898  0.4501019
 0.43102527]","[0.02061046 0.02787374 0.00898303 0.054884   0.1257268  0.7261344
 0.0357876 ]",[],[],[],[],[]
13,27eg6xjgu8,True,"[0.03138906 0.00800643 0.01211232 0.07818175 0.01523584 0.826722
 0.02835261]","[0.08520711 0.0274877  0.03361927 0.07756474 0.0195425  0.7161312
 0.04044738]","[0.00902784 0.04943841 0.00239459 0.04520954 0.01816731 0.8609961
 0.01476609]","[0.05209169 0.04383324 0.02641902 0.06099429 0.0168163  0.7764423
 0.02340316]","[0.08293277 0.07158583 0.01939149 0.22306454 0.06367985 0.4873937
 0.05195181]","[0.01731239 0.01455291 0.006648   0.04858738 0.88306445 0.00901611
 0.02081874]","[0.01591537 0.0091864  0.01324867 0.02255193 0.8781209  0.04007021
 0.02090657]","[0.02559392 0.00511553 0.00841467 0.02234959 0.91156536 0.0124542
 0.01450678]","[0.01724733 0.00695969 0.0059335  0.01373169 0.9235233  0.01629209
 0.01631241]","[0.02956753 0.01919715 0.00652099 0.1121041  0.6901477  0.11744989
 0.02501267]",[],[],[],[],[]
14,28ggasxsne,False,[],[],[],[],[],"[0.00358862 0.0416797  0.02269657 0.04630999 0.33911243 0.35076824
 0.19584447]","[0.00407427 0.01748605 0.06982845 0.04210287 0.05069112 0.6184585
 0.19735879]","[0.00861733 0.02011626 0.01894702 0.01206357 0.5861272  0.29378945
 0.06033912]","[0.00850023 0.11847014 0.00632843 0.03068598 0.13266087 0.65915346
 0.04420088]","[0.01887948 0.04287337 0.03241486 0.10768768 0.52656525 0.02906437
 0.24251506]",[],[],[],[],[]
15,29d2iifbka,False,[],[],[],[],[],"[0.0053154  0.00334775 0.01629639 0.04600669 0.01134194 0.1743852
 0.74330664]","[0.02641818 0.00406406 0.01802343 0.35770828 0.0404739  0.34144247
 0.21186969]","[0.01909558 0.01784651 0.01236878 0.05303916 0.16214393 0.31946322
 0.4160428 ]","[0.08935295 0.00815866 0.01034517 0.29919833 0.06246514 0.01868872
 0.51179105]","[0.04562812 0.02559314 0.02378974 0.0842398  0.02384068 0.3671402
 0.4297683 ]",[],[],[],[],[]
16,2a57syovxx,True,"[0.02404916 0.02375817 0.02786585 0.8347025  0.05330905 0.00762672
 0.02868863]","[0.03489031 0.05758021 0.02886921 0.8159897  0.02371143 0.01519452
 0.02376473]","[0.01668192 0.03643682 0.02406194 0.0378259  0.8552644  0.01003733
 0.0196917 ]","[0.02437457 0.06581678 0.01784592 0.505892   0.3410823  0.00704072
 0.03794774]","[0.01694941 0.01935625 0.02495674 0.5378535  0.36917317 0.00479034
 0.0269206 ]","[0.04377506 0.05064975 0.04651757 0.42326048 0.3932337  0.01656177
 0.02600169]","[0.02786893 0.01728619 0.01297894 0.4392273  0.4842844  0.00490502
 0.01344907]","[0.03480759 0.02376735 0.01248709 0.3256545  0.5722725  0.01398899
 0.01702205]","[0.03368526 0.02249959 0.0124588  0.37257534 0.52998143 0.01403059
 0.01476897]","[0.02871253 0.01586523 0.00871618 0.49740937 0.4357257  0.00563073
 0.0079403 ]",[],[],[],[],[]
17,2aby5lm7s5,True,"[0.00853326 0.01657488 0.01758419 0.17853095 0.53652245 0.1594651
 0.08278913]","[0.0468616  0.08209226 0.00441533 0.04715019 0.24438873 0.40709513
 0.16799678]","[0.0398052  0.01551295 0.0377619  0.02638745 0.36558297 0.09465792
 0.42029157]","[0.00650238 0.07870411 0.08560757 0.09875019 0.09035747 0.30227304
 0.33780527]","[0.04036185 0.043317   0.01160223 0.0309773  0.34872416 0.37647024
 0.14854723]","[0.02222146 0.05215153 0.09853879 0.00751751 0.6128998  0.0665881
 0.1400828 ]","[0.08048819 0.03120117 0.0162402  0.01713919 0.17063197 0.17505471
 0.5092446 ]","[0.0349245  0.07969808 0.03382044 0.13029878 0.14638217 0.44968706
 0.125189  ]","[0.02845247 0.04985202 0.12004082 0.12384672 0.30602106 0.28941977
 0.08236712]","[0.05793115 0.07829665 0.05671889 0.07204363 0.23079304 0.3521557
 0.15206102]",[],[],[],[],[]
18,2afoqepde8,True,"[0.07567715 0.8258035  0.01371753 0.03274192 0.01396906 0.02209611
 0.01599475]","[0.57973    0.34226698 0.00669823 0.02218155 0.01666492 0.01230272
 0.02015562]","[0.01685839 0.926137   0.01757367 0.00675031 0.0192386  0.00781928
 0.00562278]","[0.3977124  0.49414328 0.0243428  0.02099483 0.02649945 0.01392216
 0.02238508]","[0.113512   0.7728411  0.01023862 0.02407222 0.02336215 0.01282159
 0.04315219]","[0.73051417 0.17628992 0.00931647 0.01830279 0.01469803 0.03385697
 0.01702159]","[0.8019212  0.1358542  0.01762675 0.01723903 0.01223436 0.00989665
 0.00522787]","[0.82845926 0.11647576 0.01156175 0.01335665 0.0131741  0.01006446
 0.0069081 ]","[0.79862326 0.12838069 0.01468713 0.01925389 0.01437026 0.01170637
 0.01297833]","[0.51714885 0.31990126 0.09983087 0.01980982 0.01018471 0.01825846
 0.01486602]",[],[],[],[],[]
19,2arlzow8m6,False,[],[],[],[],[],"[0.00735648 0.02897567 0.59813607 0.02255825 0.02270705 0.31128764
 0.00897884]","[0.01782516 0.02005389 0.03320029 0.01501292 0.8269454  0.05854468
 0.02841763]","[0.05654702 0.03143174 0.55285865 0.1093308  0.13700327 0.06908687
 0.04374151]","[0.02516852 0.00426067 0.04854245 0.08050821 0.8030702  0.02173476
 0.01671511]","[0.0870196  0.0830065  0.21492708 0.21660167 0.30114084 0.0321564
 0.06514794]",[],[],[],[],[]
20,2arrn4qg4y,False,[],[],[],[],[],"[0.05258822 0.04538406 0.07843085 0.42699543 0.33349168 0.0230191
 0.04009069]","[0.0095239  0.0109448  0.00436931 0.28457576 0.59319025 0.08163577
 0.0157603 ]","[0.03554561 0.0186575  0.06171143 0.6490592  0.12397294 0.01897807
 0.09207539]","[0.03952987 0.01163591 0.04041884 0.7198051  0.1366351  0.02561581
 0.02635935]","[0.0740526  0.03460616 0.05187073 0.5898096  0.13558361 0.06195797
 0.05211945]",[],[],[],[],[]
21,2atqhv74g3,True,"[0.01911893 0.6874662  0.24838707 0.0042563  0.0140776  0.00724167
 0.0194523 ]","[0.45196417 0.16131163 0.12020415 0.04608206 0.0157167  0.16682923
 0.0378921 ]","[0.08579354 0.32274306 0.29413617 0.15856066 0.00947519 0.05979353
 0.06949776]","[0.03153663 0.8117777  0.06872606 0.02005742 0.00556608 0.0213585
 0.04097747]","[0.03528796 0.18886916 0.6438644  0.02399758 0.03156258 0.0187456
 0.05767274]","[0.02657511 0.3771079  0.305185   0.04594637 0.03030914 0.02110282
 0.19377376]","[0.03236044 0.01234761 0.58315355 0.2075523  0.00937639 0.03336663
 0.12184301]","[0.04815589 0.0067323  0.30205774 0.35643506 0.01580124 0.03646886
 0.23434883]","[0.03783525 0.01457184 0.04932839 0.8271789  0.02547389 0.01556528
 0.03004661]","[0.12524138 0.06860422 0.28966492 0.37992957 0.03057535 0.04508556
 0.06089902]",[],[],[],[],[]
22,2bgsezbfsm,False,[],[],[],[],[],"[0.6255386  0.22642389 0.04407861 0.02242323 0.01494641 0.03728068
 0.02930855]","[0.47069556 0.07857195 0.25569773 0.03567329 0.0444936  0.01299114
 0.10187675]","[0.86030275 0.05474219 0.03321385 0.01117797 0.00885541 0.0133162
 0.01839169]","[0.9030348  0.03643389 0.00895728 0.01444523 0.01060149 0.01108758
 0.01543983]","[0.7824518  0.08829685 0.03696846 0.0227608  0.02267616 0.0306814
 0.01616452]",[],[],[],[],[]
23,2cctqhtgwh,False,[],[],[],[],[],"[0.10723457 0.06596493 0.7252269  0.01296671 0.04552526 0.02975967
 0.01332202]","[0.08506712 0.05146464 0.7159808  0.03496189 0.08232468 0.01365266
 0.01654819]","[0.5079495  0.11565212 0.15198411 0.02161994 0.1313787  0.04896481
 0.0224509 ]","[0.08512773 0.06814149 0.5316294  0.0747194  0.19780988 0.02297765
 0.01959448]","[0.5269581  0.2773784  0.08749698 0.02071185 0.04339366 0.02474531
 0.01931562]",[],[],[],[],[]
24,2cf5jsdzxp,False,[],[],[],[],[],"[0.09088086 0.07455596 0.13368905 0.36480454 0.18578894 0.07884812
 0.07143262]","[0.02241882 0.0048721  0.09407841 0.5836397  0.2047006  0.0282248
 0.06206553]","[0.19327965 0.09001665 0.27248913 0.16932926 0.11952816 0.11839943
 0.03695765]","[0.27374744 0.06038673 0.10293357 0.37849206 0.05494116 0.04125078
 0.08824824]","[0.36344236 0.1631959  0.15581888 0.13734086 0.08419665 0.05882708
 0.03717821]",[],[],[],[],[]
25,2cnb7bofnt,False,[],[],[],[],[],"[0.6125676  0.23462674 0.0448179  0.05917411 0.00614481 0.02215456
 0.02051424]","[0.6316068  0.26955038 0.0212937  0.01359603 0.01483111 0.01243045
 0.03669151]","[0.25029537 0.13920687 0.3609912  0.10261427 0.07421032 0.02826334
 0.04441857]","[0.03538603 0.6045207  0.02650675 0.21878892 0.02061743 0.07358537
 0.02059488]","[0.4131021  0.28881833 0.16281892 0.0766528  0.01934485 0.02228352
 0.01697944]",[],[],[],[],[]
26,2cnkjh4huk,True,"[0.01795943 0.03450622 0.04357512 0.19168583 0.6587394  0.01957609
 0.03395785]","[0.02633068 0.03116227 0.01178441 0.3699979  0.51835084 0.01114332
 0.0312306 ]","[0.00610744 0.00765462 0.01689596 0.09552978 0.8605262  0.0030121
 0.01027383]","[0.02229596 0.04765419 0.02109587 0.2063325  0.6546139  0.02210924
 0.02589829]","[0.02095317 0.02680912 0.01971661 0.3828376  0.5234958  0.00568462
 0.02050302]","[0.01739692 0.02683773 0.01853031 0.1086807  0.7921393  0.02752842
 0.00888658]","[0.02152461 0.01032988 0.01259905 0.75553536 0.18268922 0.00507892
 0.01224291]","[0.00910776 0.0076205  0.00676084 0.11420252 0.84290063 0.01450544
 0.00490233]","[0.02299023 0.00928969 0.01195886 0.08855858 0.8549772  0.00735443
 0.00487102]","[0.04665149 0.02006401 0.01507122 0.7216615  0.17863214 0.00887103
 0.00904858]",[],[],[],[],[]
27,2csrxtptpa,False,[],[],[],[],[],"[0.01411475 0.01358347 0.01801066 0.01036326 0.05619989 0.8462403
 0.04148766]","[0.02509192 0.01817731 0.01497702 0.01005174 0.07171761 0.8423973
 0.01758714]","[0.01595887 0.00908356 0.01521356 0.02670428 0.0239638  0.06088912
 0.8481868 ]","[0.02227598 0.00718418 0.02757661 0.02236066 0.3832104  0.50311434
 0.0342778 ]","[0.06120081 0.02137973 0.0743419  0.0503144  0.08031373 0.3379749
 0.37447459]",[],[],[],[],[]
28,2d6fgtwpyn,True,"[0.01713644 0.02798062 0.06510057 0.01812194 0.62291294 0.19140688
 0.0573406 ]","[0.01891376 0.01492358 0.02839888 0.01237925 0.40870067 0.48692068
 0.0297632 ]","[0.02260751 0.02058749 0.08217752 0.03067063 0.19995001 0.48658118
 0.15742566]","[0.02388076 0.01944066 0.03879978 0.01778617 0.32840177 0.49845114
 0.07323974]","[0.01606859 0.00755305 0.25380242 0.01504987 0.54323137 0.0879454
 0.07634925]","[0.01071912 0.0116047  0.01553864 0.00905298 0.23353706 0.6050048
 0.11454276]","[0.03942707 0.0318779  0.03909019 0.01407852 0.5292818  0.23863393
 0.10761069]","[0.01682795 0.00810816 0.02347212 0.01211105 0.23710898 0.62363434
 0.07873753]","[0.02153286 0.0150275  0.01488984 0.00958027 0.54843575 0.37227693
 0.01825692]","[0.02666296 0.01793624 0.00861581 0.01862751 0.59505385 0.30206594
 0.0310377 ]",[],[],[],[],[]
29,2dcwim7syl,False,[],[],[],[],[],"[0.7731851  0.02967994 0.07874618 0.00450562 0.08648556 0.00917306
 0.01822465]","[0.9264189  0.00287669 0.01937126 0.00233526 0.00763644 0.00565626
 0.03570531]","[0.5656681  0.01115861 0.06510398 0.00654895 0.24225466 0.01808286
 0.09118285]","[0.90807945 0.00601204 0.02083401 0.00439229 0.03456211 0.00513187
 0.02098821]","[0.598862   0.04511125 0.09698024 0.01764413 0.12452839 0.04808943
 0.06878444]",[],[],[],[],[]
30,2dhwen34mv,False,[],[],[],[],[],"[0.7466524  0.08418933 0.01909286 0.02117861 0.06299402 0.04649383
 0.01939891]","[0.69932634 0.17163481 0.01176489 0.0166059  0.04516589 0.03720291
 0.0182993 ]","[0.67366886 0.12578546 0.0683294  0.01197212 0.05638234 0.045191
 0.01867085]","[0.34563485 0.54277647 0.00847073 0.00602499 0.01064294 0.08153019
 0.0049198 ]","[0.66965747 0.21160834 0.02862768 0.02093667 0.02609019 0.03240909
 0.01067062]",[],[],[],[],[]
31,2dqkytqnun,False,[],[],[],[],[],"[0.3762095  0.16414222 0.09758367 0.28730673 0.00733045 0.03292832
 0.03449903]","[0.35904858 0.5157772  0.01911252 0.04507285 0.01000702 0.00792762
 0.04305422]","[0.11926161 0.10655168 0.538978   0.04952685 0.03985658 0.09102073
 0.05480457]","[0.04005357 0.66003925 0.07693261 0.12972695 0.02291685 0.04239363
 0.02793712]","[0.49540702 0.17811128 0.14778411 0.09850074 0.02723522 0.03122822
 0.02173345]",[],[],[],[],[]
32,2dv9dvwwzw,False,[],[],[],[],[],"[0.65244895 0.04086082 0.04716878 0.17374694 0.01279719 0.04993579
 0.02304146]","[0.2919448  0.1173187  0.3303722  0.07341769 0.10100008 0.03966919
 0.04627731]","[0.32315716 0.02744773 0.22863916 0.03012825 0.03968278 0.3060687
 0.04487624]","[0.31364867 0.18176761 0.0894586  0.25271618 0.06443705 0.06870911
 0.02926272]","[0.30395213 0.15198682 0.1835897  0.1918401  0.06282822 0.07471392
 0.03108914]",[],[],[],[],[]
33,2e7llqzpv2,True,"[0.01992607 0.02154048 0.07214253 0.15180011 0.42375267 0.03390637
 0.27693185]","[0.10654772 0.03264199 0.0933355  0.39485675 0.20829675 0.08102792
 0.08329339]","[0.04144222 0.04719401 0.22977944 0.05079324 0.4883597  0.09086882
 0.05156254]","[0.06370954 0.02683692 0.24165387 0.07039587 0.26775616 0.18067375
 0.14897388]","[0.03190358 0.02486494 0.02194952 0.02863039 0.45303074 0.3255932
 0.11402757]","[0.38638175 0.09218948 0.14034343 0.25431016 0.08166864 0.03103151
 0.014075  ]","[0.20904717 0.04867564 0.2974866  0.22165146 0.10759625 0.0824765
 0.03306642]","[0.35321185 0.02853966 0.11761364 0.38251063 0.04489798 0.03497134
 0.03825492]","[0.10778318 0.03327549 0.04306431 0.4571063  0.28416649 0.04138073
 0.0332236 ]","[0.11231504 0.04141328 0.10576383 0.29848456 0.34280893 0.0542926
 0.04492176]",[],[],[],[],[]
34,2erhusrzac,True,"[0.01209903 0.06101918 0.22108278 0.6085096  0.06342784 0.01409206
 0.01976951]","[0.01857095 0.04781528 0.03379663 0.830129   0.01741842 0.04026939
 0.01200036]","[0.06085515 0.09861596 0.04236148 0.69007355 0.02886187 0.0614907
 0.01774126]","[0.08789183 0.06375548 0.03736411 0.7449625  0.03859728 0.01428757
 0.01314129]","[0.13067505 0.27868658 0.20429073 0.31146005 0.03939838 0.01162993
 0.02385936]","[0.00111015 0.8067819  0.0521142  0.04042919 0.09387746 0.00359754
 0.00208964]","[0.01484333 0.08525052 0.52436703 0.24964333 0.05855318 0.01351442
 0.05382825]","[0.02920236 0.01366025 0.12417293 0.59327537 0.20737492 0.01535805
 0.01695623]","[0.01811257 0.0590428  0.01036398 0.8534239  0.04647119 0.00624315
 0.00634243]","[0.0467393  0.13151872 0.25422648 0.38256627 0.10231706 0.05430283
 0.02832942]",[],[],[],[],[]
35,2eyf3fp9oj,False,[],[],[],[],[],"[0.38942048 0.01600825 0.06409408 0.08671486 0.07015133 0.28284281
 0.09076818]","[0.10513347 0.02215813 0.71440846 0.04059919 0.04283175 0.04648383
 0.02838509]","[0.17751072 0.01420711 0.18306777 0.1458068  0.14236544 0.16820325
 0.16883893]","[0.10941388 0.00897053 0.04844967 0.03426624 0.06170855 0.6964598
 0.04073143]","[0.51854104 0.07223222 0.14178681 0.10694248 0.07214998 0.05047932
 0.03786814]",[],[],[],[],[]
36,2f2ixxqwjq,False,[],[],[],[],[],"[0.5413758  0.19106601 0.0785173  0.04678561 0.0280374  0.06654725
 0.04767068]","[0.7303675  0.0212338  0.17092694 0.00956491 0.02150768 0.01778502
 0.02861415]","[0.6817435  0.12497444 0.05840246 0.02308826 0.03529909 0.05607877
 0.02041333]","[0.18904358 0.5899474  0.14322263 0.00927948 0.01109925 0.02746014
 0.02994753]","[0.7357105  0.08710545 0.04448524 0.02125718 0.03978009 0.03769994
 0.03396155]",[],[],[],[],[]
37,2f2vjwluhe,True,"[0.05106992 0.00937858 0.2066632  0.527854   0.08051126 0.08726694
 0.03725604]","[0.01237299 0.00326499 0.03265395 0.90383226 0.02210543 0.01146498
 0.01430547]","[0.02018312 0.00678319 0.18471394 0.6547517  0.05564816 0.01999884
 0.05792111]","[0.06041747 0.01435994 0.03704189 0.79025847 0.03504929 0.02677362
 0.03609932]","[0.03335029 0.00599545 0.24709842 0.62971896 0.04421446 0.01079977
 0.02882263]","[0.0096923  0.00812298 0.05114961 0.87673604 0.0225105  0.00661982
 0.02516878]","[0.01698375 0.01065737 0.03609355 0.7970406  0.11217973 0.01055792
 0.01648709]","[0.02825864 0.00722025 0.25431374 0.39800557 0.28206405 0.01823985
 0.01189793]","[0.01528426 0.02156285 0.03701359 0.852611   0.05107424 0.00925506
 0.01319892]","[0.04493261 0.0305564  0.13226284 0.68874514 0.0917039  0.00294189
 0.00885729]",[],[],[],[],[]
38,2f7h5acvns,False,[],[],[],[],[],"[0.4399855  0.10902975 0.07664231 0.10752229 0.10978233 0.09079476
 0.06624316]","[0.24882476 0.03111987 0.08176772 0.07277118 0.13417028 0.07733334
 0.35401285]","[0.48086178 0.06996126 0.14764996 0.05296693 0.12434048 0.08319324
 0.04102634]","[0.6099019  0.05822778 0.07645647 0.08368384 0.05016863 0.07641872
 0.04514271]","[0.60986143 0.12766026 0.08383396 0.059234   0.04894304 0.03932429
 0.03114305]",[],[],[],[],[]
39,2fvmtllznp,False,[],[],[],[],[],"[0.334175   0.13118428 0.03941504 0.2062645  0.05867242 0.18229225
 0.04799653]","[0.45741966 0.04434326 0.06686446 0.04420942 0.20142461 0.08530594
 0.10043266]","[0.43004635 0.04042834 0.28936118 0.03605604 0.07405845 0.10939541
 0.02065414]","[0.36762816 0.15260497 0.08978464 0.2028944  0.02696939 0.074136
 0.08598239]","[0.3274121  0.15519693 0.2021208  0.1298274  0.06825001 0.07207093
 0.04512189]",[],[],[],[],[]
40,2ge5h8tcfs,True,"[0.01288968 0.01169774 0.9303944  0.00581805 0.01253201 0.00732626
 0.01934174]","[0.01648206 0.06442818 0.86945665 0.0105066  0.01000539 0.01937525
 0.00974599]","[0.01492131 0.03617676 0.7994871  0.07910942 0.01498857 0.00871144
 0.04660548]","[0.008183   0.01026413 0.9645404  0.00518536 0.00311693 0.00347579
 0.00523428]","[0.00508816 0.03408339 0.93006563 0.00216438 0.00864677 0.00900721
 0.01094451]","[0.0137337  0.02282283 0.06081366 0.7870651  0.03428384 0.03637788
 0.04490303]","[0.02494012 0.01910645 0.03751006 0.8714792  0.02639526 0.00355748
 0.01701144]","[0.00954374 0.00877751 0.03297695 0.8763689  0.05409387 0.00869799
 0.009541  ]","[0.0090279  0.02281838 0.03418227 0.8478124  0.06456271 0.01244149
 0.00915489]","[0.05829828 0.01564648 0.04634697 0.6916749  0.14396623 0.0232636
 0.02080359]",[],[],[],[],[]
41,2gqt9ozego,False,[],[],[],[],[],"[0.7305852  0.02994441 0.05508973 0.10176706 0.00790807 0.05787164
 0.01683382]","[0.03858121 0.03375662 0.3649409  0.105115   0.15146998 0.20942792
 0.09670838]","[0.49993414 0.04012344 0.21313988 0.08050594 0.01433077 0.1292352
 0.02273075]","[0.19820988 0.10210063 0.01629069 0.52402264 0.03863981 0.09041848
 0.03031787]","[0.2555491  0.10317805 0.11232162 0.36036196 0.05952068 0.0724684
 0.03660014]",[],[],[],[],[]
42,2han7282e2,False,[],[],[],[],[],"[0.01556222 0.01298401 0.1863267  0.7056231  0.00819458 0.00354411
 0.06776533]","[0.01684857 0.00647955 0.02200537 0.7026575  0.19618961 0.01405231
 0.04176702]","[0.00627943 0.0192544  0.37705734 0.2585355  0.23557706 0.03033032
 0.07296595]","[0.10559461 0.01341043 0.04158031 0.5347549  0.02709759 0.26459387
 0.01296825]","[0.02701598 0.03093736 0.0640198  0.29372266 0.2214995  0.16804884
 0.19475585]",[],[],[],[],[]
43,2hcqcabqs8,False,[],[],[],[],[],"[0.03470778 0.08328629 0.18264987 0.39771277 0.05221785 0.0952495
 0.15417588]","[0.01089895 0.0593344  0.33616415 0.25875458 0.04250955 0.03043791
 0.26190054]","[0.00708765 0.00491189 0.94564354 0.00139392 0.0158654  0.01177529
 0.0133224 ]","[0.04137976 0.21085061 0.44584778 0.07799996 0.1375507  0.06251592
 0.02385543]","[0.07520005 0.18906401 0.46982205 0.17054655 0.02961249 0.03181518
 0.0339397 ]",[],[],[],[],[]
44,2hfkagk73z,False,[],[],[],[],[],"[0.00997125 0.13905102 0.19360556 0.0407595  0.11590139 0.43870252
 0.06200884]","[0.04639112 0.03637711 0.0430302  0.14521724 0.2848232  0.42659694
 0.01756415]","[0.01024089 0.03642056 0.03795072 0.16464947 0.58488435 0.15757513
 0.00827882]","[0.01910078 0.09748717 0.16181868 0.12843485 0.3173179  0.26521084
 0.01062968]","[0.05125485 0.02744931 0.02083381 0.2797493  0.14717838 0.42604414
 0.04749024]",[],[],[],[],[]
45,2hhktvsnhk,False,[],[],[],[],[],"[0.41763932 0.27248544 0.10642326 0.04518439 0.05457384 0.06794927
 0.03574447]","[0.31657514 0.23592731 0.11906844 0.11006064 0.11689369 0.01764868
 0.08382618]","[0.77484345 0.06226459 0.03588872 0.03523488 0.04406023 0.03002334
 0.01768465]","[0.5334766  0.08507367 0.0598216  0.18768795 0.03671983 0.04349653
 0.05372379]","[0.5606069  0.15343264 0.10921702 0.06551471 0.05599458 0.03001376
 0.02522034]",[],[],[],[],[]
46,2hjsmjqoeg,False,[],[],[],[],[],"[0.5387621  0.20009765 0.05042823 0.11938561 0.02112676 0.04635428
 0.0238454 ]","[0.14962657 0.37277663 0.22729915 0.07664636 0.07160549 0.00780853
 0.09423719]","[0.69934237 0.06005725 0.05566571 0.06792816 0.0624601  0.02540362
 0.02914282]","[0.5638837  0.11199874 0.110584   0.11744693 0.04157478 0.03653704
 0.01797472]","[0.32743856 0.13266623 0.16413215 0.24939783 0.06980637 0.03707122
 0.01948774]",[],[],[],[],[]
47,2hko8nvee5,False,[],[],[],[],[],"[0.31012934 0.28580508 0.03795684 0.18508421 0.06171677 0.06556971
 0.0537381 ]","[0.4575118  0.07859759 0.11531662 0.02369441 0.19056001 0.08928937
 0.04503009]","[0.38401476 0.06696425 0.17712612 0.08309366 0.07067508 0.18828101
 0.0298451 ]","[0.05769918 0.53172034 0.05229698 0.08919719 0.11994328 0.05943101
 0.08971191]","[0.3252046  0.35869256 0.09235715 0.06046243 0.07239479 0.06543746
 0.02545097]",[],[],[],[],[]
48,2hwk29xqju,False,[],[],[],[],[],"[0.79939294 0.04192863 0.02038792 0.03251326 0.04759163 0.03591518
 0.02227056]","[0.83235645 0.05793277 0.01654866 0.0224128  0.04084316 0.01301058
 0.01689572]","[0.8014117  0.05145148 0.04786655 0.01985951 0.04388268 0.01974631
 0.01578171]","[0.73786086 0.09584424 0.01023437 0.03384979 0.0601748  0.04092125
 0.02111468]","[0.82040673 0.0644618  0.01907883 0.01787171 0.03558283 0.02983079
 0.01276729]",[],[],[],[],[]
49,2j9wzjegpz,True,"[0.01656455 0.01215727 0.01145241 0.0130421  0.01114138 0.0077255
 0.92791677]","[0.01358231 0.01459947 0.01164821 0.01188569 0.01355442 0.01638688
 0.918343  ]","[0.00801837 0.008175   0.00753832 0.00822455 0.0050753  0.00813299
 0.9548355 ]","[0.02096627 0.00992388 0.01738554 0.01397929 0.0114681  0.00970094
 0.91657597]","[0.01721502 0.00915003 0.01865034 0.01605849 0.01161537 0.01464354
 0.9126672 ]","[0.01616617 0.01394467 0.01862816 0.01196468 0.00775026 0.00542724
 0.9261188 ]","[0.01311889 0.01126718 0.01113276 0.01585517 0.00941611 0.00659505
 0.9326149 ]","[0.00826423 0.00844668 0.01826834 0.01384546 0.00639999 0.01073441
 0.93404084]","[0.01245714 0.01958126 0.01314971 0.00870166 0.00579557 0.00747494
 0.93283975]","[0.02631902 0.01460588 0.01066239 0.01803966 0.00292061 0.01245646
 0.91499597]",[],[],[],[],[]
50,2jvkgfdeyw,True,"[0.15353526 0.05193731 0.07668173 0.04645191 0.46374223 0.19230329
 0.01534825]","[0.20517468 0.0184075  0.02124337 0.02750991 0.44626233 0.26486036
 0.01654194]","[0.12709771 0.03758925 0.27782965 0.06099473 0.18023288 0.28579748
 0.03045831]","[0.3267158  0.19272861 0.05900612 0.01627304 0.27418646 0.12124367
 0.00984627]","[0.03451643 0.03692223 0.01821958 0.00883945 0.57558376 0.31200725
 0.01391131]","[0.01659816 0.01585091 0.7564147  0.06682687 0.04618931 0.01398329
 0.08413676]","[0.0118923  0.01224759 0.22273982 0.69646436 0.02718949 0.00957283
 0.01989365]","[0.0256649  0.01137132 0.63578665 0.09422141 0.13040702 0.04667263
 0.05587604]","[0.0254425  0.04045762 0.04883364 0.2653232  0.5487177  0.01406205
 0.05716333]","[0.03634426 0.01979848 0.7308151  0.09328964 0.03532349 0.01628301
 0.06814609]",[],[],[],[],[]
51,2kcat8jmqz,False,[],[],[],[],[],"[0.8261086  0.06945376 0.01245347 0.00514335 0.03699373 0.04017897
 0.00966816]","[0.9173334  0.01741568 0.02142286 0.00612766 0.01653855 0.01603139
 0.00513029]","[0.9255479  0.02557472 0.00462912 0.00384115 0.01921393 0.01544935
 0.00574377]","[0.9259301  0.01980011 0.01259801 0.00730905 0.00675431 0.02129677
 0.00631177]","[0.7216796  0.13920547 0.03475354 0.02273751 0.03155649 0.03481864
 0.01524871]",[],[],[],[],[]
52,2kprzyxpba,False,[],[],[],[],[],"[0.00288962 0.02015777 0.02164732 0.03996404 0.03520015 0.83489007
 0.04525098]","[0.02656703 0.02943175 0.02358323 0.01581905 0.15508805 0.72757405
 0.02193679]","[0.01643377 0.00825035 0.01733523 0.02794172 0.15122774 0.02853183
 0.75027937]","[0.01309049 0.00407673 0.02536873 0.02763647 0.8724412  0.03818227
 0.01920415]","[0.0545458  0.03740052 0.09373739 0.11282077 0.21274199 0.20624775
 0.28250578]",[],[],[],[],[]
53,2l4qe9uwyp,False,[],[],[],[],[],"[0.06680455 0.18767346 0.06546999 0.12056932 0.08526202 0.4327847
 0.04143593]","[0.2393515  0.02690528 0.05856945 0.03034186 0.04849441 0.55224955
 0.0440879 ]","[0.02470249 0.05088424 0.07985298 0.02416886 0.02388816 0.78831017
 0.00819313]","[0.09467239 0.088319   0.07201917 0.1058224  0.2686212  0.34352145
 0.02702437]","[0.11237855 0.03332079 0.08535343 0.21173882 0.05763173 0.4204732
 0.07910358]",[],[],[],[],[]
54,2m6meiinwe,False,[],[],[],[],[],"[0.39335704 0.22757007 0.1254077  0.11261109 0.0528698  0.05315926
 0.03502503]","[0.1831687  0.0927096  0.14856899 0.26434085 0.22307086 0.05086726
 0.03727375]","[0.58724797 0.03508879 0.06889832 0.0657103  0.14831558 0.07306945
 0.02166947]","[0.437844   0.13313986 0.17081444 0.09949213 0.04352341 0.05487936
 0.06030678]","[0.42042634 0.12231106 0.15392292 0.14279805 0.09002381 0.04095443
 0.02956333]",[],[],[],[],[]
55,2mdcgyqs2n,True,"[0.3013113  0.5910141  0.01695793 0.00999964 0.02365355 0.03208452
 0.02497891]","[0.05201512 0.73787975 0.00855527 0.00679362 0.096844   0.07090101
 0.02701136]","[0.10948843 0.7460102  0.01556185 0.01046583 0.0170381  0.07017396
 0.03126164]","[0.1456472  0.46347284 0.07432219 0.01851965 0.01998141 0.25218737
 0.0258693 ]","[0.09488028 0.77024543 0.00899947 0.00548708 0.02214918 0.07586776
 0.02237082]","[0.02251616 0.02543181 0.85353583 0.01894533 0.03331877 0.02171422
 0.02453791]","[0.01551422 0.01052771 0.92302287 0.01743251 0.01291735 0.00911044
 0.01147497]","[0.02888344 0.00688717 0.87887734 0.01746445 0.03008061 0.01671294
 0.02109408]","[0.07654475 0.03929942 0.74877316 0.01340609 0.06060107 0.03366292
 0.02771265]","[0.04335073 0.06068586 0.78709483 0.03413343 0.01251483 0.02076334
 0.04145703]",[],[],[],[],[]
56,2mjkw2uqwd,True,"[0.0119253  0.02230077 0.01407585 0.8715284  0.04988057 0.01302585
 0.01726332]","[0.01586518 0.02958502 0.01864502 0.749799   0.127981   0.03771349
 0.02041135]","[0.01232062 0.034583   0.01530614 0.82817227 0.07823907 0.01601583
 0.01536326]","[0.02403951 0.02500038 0.0076636  0.73887247 0.1609302  0.02721176
 0.01628209]","[0.02378865 0.07294664 0.01255996 0.4289178  0.31785125 0.09695535
 0.04698031]","[0.01710274 0.01120697 0.01323125 0.01116066 0.82224953 0.08865599
 0.03639287]","[0.01601597 0.01759572 0.00440235 0.01760853 0.8986662  0.01588409
 0.0298272 ]","[0.03021889 0.00687451 0.00706204 0.02970866 0.8782472  0.03519319
 0.01269549]","[0.01036784 0.00636398 0.00445056 0.0040228  0.931651   0.03048089
 0.01266293]","[0.01756374 0.01146424 0.00703532 0.11463859 0.7881682  0.04274013
 0.01838978]",[],[],[],[],[]
57,2moqkuvd8u,False,[],[],[],[],[],"[0.20789964 0.02236207 0.3519025  0.21427964 0.09182949 0.06953773
 0.0421889 ]","[0.64834183 0.09045453 0.01335024 0.05279466 0.10982968 0.0102014
 0.07502761]","[0.08132524 0.07596747 0.5371837  0.00740769 0.05611235 0.02463064
 0.21737283]","[0.3556019  0.15257123 0.12351836 0.07452095 0.24393006 0.02782463
 0.02203282]","[0.2529209  0.10951454 0.1883141  0.17467873 0.15065539 0.06867401
 0.05524227]",[],[],[],[],[]
58,2mwvpdeiap,True,"[0.9120957  0.01048202 0.01776422 0.01848389 0.01573802 0.01223538
 0.01320065]","[0.6388051  0.04545704 0.08937304 0.01826902 0.06896945 0.10113437
 0.03799199]","[0.92356265 0.00632658 0.0096678  0.02307758 0.01090772 0.01350512
 0.01295253]","[0.9445962  0.01063222 0.00907384 0.01047365 0.01030212 0.00640278
 0.00851921]","[0.9146365  0.00951934 0.01047166 0.02376041 0.01692269 0.01000869
 0.01468067]","[0.79828745 0.12106111 0.01049888 0.02133269 0.01445388 0.01777427
 0.01659168]","[0.8643642  0.03237623 0.0095237  0.03242713 0.02292695 0.0192139
 0.01916772]","[0.9281825  0.03028972 0.01050987 0.00395939 0.00658195 0.01095045
 0.009526  ]","[0.86322355 0.01554652 0.01525344 0.0182075  0.02580898 0.04242291
 0.01953715]","[0.8736675  0.04679698 0.01461404 0.01250916 0.01235775 0.02683908
 0.0132156 ]",[],[],[],[],[]
59,2n4egtuekb,True,"[0.01637314 0.01481789 0.04185804 0.8791719  0.01089052 0.01401956
 0.02286896]","[0.03981655 0.02457847 0.28186393 0.54377663 0.03077907 0.03153763
 0.04764782]","[0.02374453 0.03331123 0.0501346  0.85751057 0.01547361 0.00690886
 0.01291665]","[0.01425943 0.02538461 0.3288308  0.56210536 0.01350542 0.01220574
 0.04370857]","[0.03159243 0.0354137  0.20627274 0.6345159  0.02693916 0.02563569
 0.03963042]","[0.00486064 0.00435687 0.03041297 0.9053935  0.0299789  0.01305427
 0.01194293]","[0.01382368 0.00928775 0.02623452 0.914013   0.01866428 0.00438974
 0.01358693]","[0.00691489 0.00300295 0.03759658 0.91089094 0.01716973 0.01982417
 0.00460066]","[0.00922065 0.00547586 0.02093255 0.9377327  0.00544376 0.0115771
 0.00961746]","[0.02566984 0.00628231 0.04628482 0.85081434 0.04523851 0.00940869
 0.0163015 ]",[],[],[],[],[]
60,2nhwpruj4c,False,[],[],[],[],[],"[0.6906264  0.04141694 0.03401205 0.08880407 0.02694498 0.06283549
 0.05536002]","[0.5061946  0.17221957 0.16832286 0.03820793 0.05567368 0.01395668
 0.04542463]","[0.48943555 0.08238439 0.14207856 0.1436683  0.06249404 0.04116645
 0.03877267]","[0.53992915 0.27635315 0.03365546 0.07409218 0.03668238 0.02232787
 0.01695979]","[0.3892633  0.21475318 0.18463397 0.10326692 0.04853896 0.02980637
 0.0297373 ]",[],[],[],[],[]
61,2njnxzt9tq,True,"[0.91314745 0.03467384 0.00239292 0.0041894  0.00776965 0.01864845
 0.0191783 ]","[0.92960894 0.01457577 0.00380888 0.004245   0.01791374 0.01622828
 0.01361936]","[0.84416366 0.04052766 0.00857409 0.00591101 0.00703143 0.04896809
 0.04482397]","[0.9363934  0.00666964 0.00509314 0.00626417 0.01299014 0.01554352
 0.01704624]","[0.91806895 0.01788529 0.00337174 0.00874444 0.01093227 0.03446817
 0.00652906]","[0.7239594  0.15523264 0.04389092 0.0280268  0.03861291 0.00521085
 0.00506643]","[0.931357   0.03317097 0.01345509 0.00309602 0.01495128 0.00207651
 0.00189318]","[9.6860027e-01 1.8130511e-02 5.7091201e-03 2.2719435e-03 3.8241970e-03
 7.9193240e-04 6.7197607e-04]","[9.6727920e-01 7.5582634e-03 1.6416065e-02 2.7979822e-03 3.9869742e-03
 4.3180940e-04 1.5297297e-03]","[0.78257746 0.13823782 0.03567157 0.02404105 0.00775758 0.00807842
 0.00363611]",[],[],[],[],[]
62,2nsgbbsayc,False,[],[],[],[],[],"[0.21124443 0.01781153 0.32749403 0.17234713 0.07411382 0.10358997
 0.09339907]","[0.36298302 0.13750117 0.11610727 0.16071115 0.10184307 0.01953752
 0.10131678]","[0.3204468  0.02306381 0.40949687 0.12749295 0.07416885 0.02032965
 0.02500109]","[0.16628365 0.02630509 0.04610039 0.6401939  0.09561967 0.00864717
 0.01685017]","[0.30281892 0.10377081 0.26744685 0.16196911 0.06842739 0.05409584
 0.04147105]",[],[],[],[],[]
63,2nsxwhvr3i,False,[],[],[],[],[],"[0.5648618  0.17407192 0.09481255 0.03725289 0.05948364 0.05049727
 0.01902004]","[0.7950165  0.02127548 0.06368811 0.02087769 0.03748146 0.03006289
 0.03159795]","[0.38062093 0.06205997 0.20569155 0.18645322 0.05408998 0.07933583
 0.0317485 ]","[0.78969926 0.0264221  0.03033239 0.03044589 0.02729565 0.06854346
 0.02726122]","[0.5765755  0.11633441 0.09169543 0.08423254 0.0687719  0.03505252
 0.02733759]",[],[],[],[],[]
64,2oa9nfaukv,True,"[0.86186874 0.03108979 0.01134305 0.0242302  0.018161   0.02766697
 0.02564027]","[0.7732928  0.10703051 0.01660975 0.02668945 0.01795812 0.03681623
 0.02160312]","[0.18683933 0.70929563 0.01238621 0.04344476 0.01452909 0.0215983
 0.01190663]","[0.8503042  0.06704454 0.02141652 0.01792176 0.01441356 0.01083778
 0.01806162]","[0.86629325 0.06363765 0.01108138 0.02682182 0.00832757 0.00938561
 0.01445256]","[0.22845484 0.66033155 0.01255183 0.0179274  0.01524873 0.03214464
 0.03334103]","[0.78038675 0.15199535 0.00933745 0.0141769  0.01449432 0.02054635
