{
 "cells": [
  {
   "cell_type": "code",
   "execution_count": 2,
   "metadata": {},
   "outputs": [],
   "source": [
    "# ref \n",
    "# https://www.machinelearningplus.com/statistics/mahalanobis-distance/"
   ]
  },
  {
   "cell_type": "code",
   "execution_count": 4,
   "metadata": {},
   "outputs": [
    {
     "data": {
      "text/html": [
       "<div>\n",
       "<style scoped>\n",
       "    .dataframe tbody tr th:only-of-type {\n",
       "        vertical-align: middle;\n",
       "    }\n",
       "\n",
       "    .dataframe tbody tr th {\n",
       "        vertical-align: top;\n",
       "    }\n",
       "\n",
       "    .dataframe thead th {\n",
       "        text-align: right;\n",
       "    }\n",
       "</style>\n",
       "<table border=\"1\" class=\"dataframe\">\n",
       "  <thead>\n",
       "    <tr style=\"text-align: right;\">\n",
       "      <th></th>\n",
       "      <th>carat</th>\n",
       "      <th>depth</th>\n",
       "      <th>price</th>\n",
       "    </tr>\n",
       "  </thead>\n",
       "  <tbody>\n",
       "    <tr>\n",
       "      <th>0</th>\n",
       "      <td>0.23</td>\n",
       "      <td>61.5</td>\n",
       "      <td>326</td>\n",
       "    </tr>\n",
       "    <tr>\n",
       "      <th>1</th>\n",
       "      <td>0.21</td>\n",
       "      <td>59.8</td>\n",
       "      <td>326</td>\n",
       "    </tr>\n",
       "    <tr>\n",
       "      <th>2</th>\n",
       "      <td>0.23</td>\n",
       "      <td>56.9</td>\n",
       "      <td>327</td>\n",
       "    </tr>\n",
       "    <tr>\n",
       "      <th>3</th>\n",
       "      <td>0.29</td>\n",
       "      <td>62.4</td>\n",
       "      <td>334</td>\n",
       "    </tr>\n",
       "    <tr>\n",
       "      <th>4</th>\n",
       "      <td>0.31</td>\n",
       "      <td>63.3</td>\n",
       "      <td>335</td>\n",
       "    </tr>\n",
       "  </tbody>\n",
       "</table>\n",
       "</div>"
      ],
      "text/plain": [
       "   carat  depth  price\n",
       "0   0.23   61.5    326\n",
       "1   0.21   59.8    326\n",
       "2   0.23   56.9    327\n",
       "3   0.29   62.4    334\n",
       "4   0.31   63.3    335"
      ]
     },
     "execution_count": 4,
     "metadata": {},
     "output_type": "execute_result"
    }
   ],
   "source": [
    "#Load libraries\n",
    "from sklearn.datasets import load_boston\n",
    "import copy \n",
    "import numpy as np\n",
    "import pandas as pd\n",
    "import seaborn as sns\n",
    "import scipy as sp\n",
    "from scipy.stats import chi2\n",
    "from sklearn.covariance import MinCovDet\n",
    "\n",
    "import pandas as pd\n",
    "import scipy as sp\n",
    "import numpy as np\n",
    "\n",
    "filepath = 'https://raw.githubusercontent.com/selva86/datasets/master/diamonds.csv'\n",
    "df = pd.read_csv(filepath).iloc[:, [0,4,6]]\n",
    "df.head()"
   ]
  },
  {
   "cell_type": "code",
   "execution_count": 5,
   "metadata": {},
   "outputs": [],
   "source": [
    "data_ = df[['carat', 'depth', 'price']]\n",
    "cov = np.cov(data_.values.T,ddof=1)\n",
    "inv_covmat = sp.linalg.inv(cov)"
   ]
  },
  {
   "cell_type": "code",
   "execution_count": 6,
   "metadata": {},
   "outputs": [
    {
     "name": "stdout",
     "output_type": "stream",
     "text": [
      "[[ 2.24686660e-01  1.91665282e-02  1.74276536e+03]\n",
      " [ 1.91665282e-02  2.05240384e+00 -6.08537121e+01]\n",
      " [ 1.74276536e+03 -6.08537121e+01  1.59156294e+07]]\n",
      "[[ 2.98255446e+01 -3.75404629e-01 -3.26733989e-03]\n",
      " [-3.75404629e-01  4.92013886e-01  4.29881243e-05]\n",
      " [-3.26733989e-03  4.29881243e-05  4.20770213e-07]]\n"
     ]
    }
   ],
   "source": [
    "print(cov)\n",
    "print(inv_covmat)"
   ]
  },
  {
   "cell_type": "code",
   "execution_count": 57,
   "metadata": {},
   "outputs": [],
   "source": [
    "mcd = MinCovDet().fit(data_)"
   ]
  },
  {
   "cell_type": "code",
   "execution_count": 58,
   "metadata": {},
   "outputs": [
    {
     "data": {
      "text/plain": [
       "array([[6.15560679e-02, 1.83686969e-02, 2.96178251e+02],\n",
       "       [1.83686969e-02, 1.59492979e+00, 5.53378952e+01],\n",
       "       [2.96178251e+02, 5.53378952e+01, 1.54847177e+06]])"
      ]
     },
     "execution_count": 58,
     "metadata": {},
     "output_type": "execute_result"
    }
   ],
   "source": [
    "mcd.covariance_"
   ]
  },
  {
   "cell_type": "code",
   "execution_count": 59,
   "metadata": {},
   "outputs": [],
   "source": [
    "inv_covmat =  sp.linalg.inv(mcd.covariance_)"
   ]
  },
  {
   "cell_type": "code",
   "execution_count": 60,
   "metadata": {},
   "outputs": [
    {
     "data": {
      "text/plain": [
       "array([[ 2.05439108e+02, -1.00390186e+00, -3.92587344e-02],\n",
       "       [-1.00390186e+00,  6.32670920e-01,  1.69407816e-04],\n",
       "       [-3.92587344e-02,  1.69407816e-04,  8.14881414e-06]])"
      ]
     },
     "execution_count": 60,
     "metadata": {},
     "output_type": "execute_result"
    }
   ],
   "source": [
    "inv_covmat"
   ]
  },
  {
   "cell_type": "code",
   "execution_count": 61,
   "metadata": {},
   "outputs": [
    {
     "ename": "ValueError",
     "evalue": "Expected a 1D array, got an array with shape (500, 500)",
     "output_type": "error",
     "traceback": [
      "\u001b[0;31m---------------------------------------------------------------------------\u001b[0m",
      "\u001b[0;31mKeyError\u001b[0m                                  Traceback (most recent call last)",
      "File \u001b[0;32m~/.conda/envs/mah_v1/lib/python3.8/site-packages/pandas/core/indexes/base.py:3653\u001b[0m, in \u001b[0;36mIndex.get_loc\u001b[0;34m(self, key)\u001b[0m\n\u001b[1;32m   3652\u001b[0m \u001b[38;5;28;01mtry\u001b[39;00m:\n\u001b[0;32m-> 3653\u001b[0m     \u001b[38;5;28;01mreturn\u001b[39;00m \u001b[38;5;28;43mself\u001b[39;49m\u001b[38;5;241;43m.\u001b[39;49m\u001b[43m_engine\u001b[49m\u001b[38;5;241;43m.\u001b[39;49m\u001b[43mget_loc\u001b[49m\u001b[43m(\u001b[49m\u001b[43mcasted_key\u001b[49m\u001b[43m)\u001b[49m\n\u001b[1;32m   3654\u001b[0m \u001b[38;5;28;01mexcept\u001b[39;00m \u001b[38;5;167;01mKeyError\u001b[39;00m \u001b[38;5;28;01mas\u001b[39;00m err:\n",
      "File \u001b[0;32m~/.conda/envs/mah_v1/lib/python3.8/site-packages/pandas/_libs/index.pyx:147\u001b[0m, in \u001b[0;36mpandas._libs.index.IndexEngine.get_loc\u001b[0;34m()\u001b[0m\n",
      "File \u001b[0;32m~/.conda/envs/mah_v1/lib/python3.8/site-packages/pandas/_libs/index.pyx:176\u001b[0m, in \u001b[0;36mpandas._libs.index.IndexEngine.get_loc\u001b[0;34m()\u001b[0m\n",
      "File \u001b[0;32mpandas/_libs/hashtable_class_helper.pxi:7080\u001b[0m, in \u001b[0;36mpandas._libs.hashtable.PyObjectHashTable.get_item\u001b[0;34m()\u001b[0m\n",
      "File \u001b[0;32mpandas/_libs/hashtable_class_helper.pxi:7088\u001b[0m, in \u001b[0;36mpandas._libs.hashtable.PyObjectHashTable.get_item\u001b[0;34m()\u001b[0m\n",
      "\u001b[0;31mKeyError\u001b[0m: 'mahala'",
      "\nThe above exception was the direct cause of the following exception:\n",
      "\u001b[0;31mKeyError\u001b[0m                                  Traceback (most recent call last)",
      "File \u001b[0;32m~/.conda/envs/mah_v1/lib/python3.8/site-packages/pandas/core/frame.py:4110\u001b[0m, in \u001b[0;36mDataFrame._set_item_mgr\u001b[0;34m(self, key, value)\u001b[0m\n\u001b[1;32m   4109\u001b[0m \u001b[38;5;28;01mtry\u001b[39;00m:\n\u001b[0;32m-> 4110\u001b[0m     loc \u001b[38;5;241m=\u001b[39m \u001b[38;5;28;43mself\u001b[39;49m\u001b[38;5;241;43m.\u001b[39;49m\u001b[43m_info_axis\u001b[49m\u001b[38;5;241;43m.\u001b[39;49m\u001b[43mget_loc\u001b[49m\u001b[43m(\u001b[49m\u001b[43mkey\u001b[49m\u001b[43m)\u001b[49m\n\u001b[1;32m   4111\u001b[0m \u001b[38;5;28;01mexcept\u001b[39;00m \u001b[38;5;167;01mKeyError\u001b[39;00m:\n\u001b[1;32m   4112\u001b[0m     \u001b[38;5;66;03m# This item wasn't present, just insert at end\u001b[39;00m\n",
      "File \u001b[0;32m~/.conda/envs/mah_v1/lib/python3.8/site-packages/pandas/core/indexes/base.py:3655\u001b[0m, in \u001b[0;36mIndex.get_loc\u001b[0;34m(self, key)\u001b[0m\n\u001b[1;32m   3654\u001b[0m \u001b[38;5;28;01mexcept\u001b[39;00m \u001b[38;5;167;01mKeyError\u001b[39;00m \u001b[38;5;28;01mas\u001b[39;00m err:\n\u001b[0;32m-> 3655\u001b[0m     \u001b[38;5;28;01mraise\u001b[39;00m \u001b[38;5;167;01mKeyError\u001b[39;00m(key) \u001b[38;5;28;01mfrom\u001b[39;00m \u001b[38;5;21;01merr\u001b[39;00m\n\u001b[1;32m   3656\u001b[0m \u001b[38;5;28;01mexcept\u001b[39;00m \u001b[38;5;167;01mTypeError\u001b[39;00m:\n\u001b[1;32m   3657\u001b[0m     \u001b[38;5;66;03m# If we have a listlike key, _check_indexing_error will raise\u001b[39;00m\n\u001b[1;32m   3658\u001b[0m     \u001b[38;5;66;03m#  InvalidIndexError. Otherwise we fall through and re-raise\u001b[39;00m\n\u001b[1;32m   3659\u001b[0m     \u001b[38;5;66;03m#  the TypeError.\u001b[39;00m\n",
      "\u001b[0;31mKeyError\u001b[0m: 'mahala'",
      "\nDuring handling of the above exception, another exception occurred:\n",
      "\u001b[0;31mValueError\u001b[0m                                Traceback (most recent call last)",
      "Cell \u001b[0;32mIn[61], line 9\u001b[0m\n\u001b[1;32m      6\u001b[0m mahal \u001b[38;5;241m=\u001b[39m np\u001b[38;5;241m.\u001b[39mdot(left_term, x_minus_mu\u001b[38;5;241m.\u001b[39mT)\n\u001b[1;32m      8\u001b[0m \u001b[38;5;66;03m#--\u001b[39;00m\n\u001b[0;32m----> 9\u001b[0m \u001b[43mx\u001b[49m\u001b[43m[\u001b[49m\u001b[38;5;124;43m'\u001b[39;49m\u001b[38;5;124;43mmahala\u001b[39;49m\u001b[38;5;124;43m'\u001b[39;49m\u001b[43m]\u001b[49m  \u001b[38;5;241m=\u001b[39m mahal\n\u001b[1;32m     10\u001b[0m \u001b[38;5;28mprint\u001b[39m(x)\n",
      "File \u001b[0;32m~/.conda/envs/mah_v1/lib/python3.8/site-packages/pandas/core/frame.py:3950\u001b[0m, in \u001b[0;36mDataFrame.__setitem__\u001b[0;34m(self, key, value)\u001b[0m\n\u001b[1;32m   3947\u001b[0m     \u001b[38;5;28mself\u001b[39m\u001b[38;5;241m.\u001b[39m_setitem_array([key], value)\n\u001b[1;32m   3948\u001b[0m \u001b[38;5;28;01melse\u001b[39;00m:\n\u001b[1;32m   3949\u001b[0m     \u001b[38;5;66;03m# set column\u001b[39;00m\n\u001b[0;32m-> 3950\u001b[0m     \u001b[38;5;28;43mself\u001b[39;49m\u001b[38;5;241;43m.\u001b[39;49m\u001b[43m_set_item\u001b[49m\u001b[43m(\u001b[49m\u001b[43mkey\u001b[49m\u001b[43m,\u001b[49m\u001b[43m \u001b[49m\u001b[43mvalue\u001b[49m\u001b[43m)\u001b[49m\n",
      "File \u001b[0;32m~/.conda/envs/mah_v1/lib/python3.8/site-packages/pandas/core/frame.py:4156\u001b[0m, in \u001b[0;36mDataFrame._set_item\u001b[0;34m(self, key, value)\u001b[0m\n\u001b[1;32m   4153\u001b[0m         \u001b[38;5;28;01mif\u001b[39;00m \u001b[38;5;28misinstance\u001b[39m(existing_piece, DataFrame):\n\u001b[1;32m   4154\u001b[0m             value \u001b[38;5;241m=\u001b[39m np\u001b[38;5;241m.\u001b[39mtile(value, (\u001b[38;5;28mlen\u001b[39m(existing_piece\u001b[38;5;241m.\u001b[39mcolumns), \u001b[38;5;241m1\u001b[39m))\u001b[38;5;241m.\u001b[39mT\n\u001b[0;32m-> 4156\u001b[0m \u001b[38;5;28;43mself\u001b[39;49m\u001b[38;5;241;43m.\u001b[39;49m\u001b[43m_set_item_mgr\u001b[49m\u001b[43m(\u001b[49m\u001b[43mkey\u001b[49m\u001b[43m,\u001b[49m\u001b[43m \u001b[49m\u001b[43mvalue\u001b[49m\u001b[43m)\u001b[49m\n",
      "File \u001b[0;32m~/.conda/envs/mah_v1/lib/python3.8/site-packages/pandas/core/frame.py:4113\u001b[0m, in \u001b[0;36mDataFrame._set_item_mgr\u001b[0;34m(self, key, value)\u001b[0m\n\u001b[1;32m   4110\u001b[0m     loc \u001b[38;5;241m=\u001b[39m \u001b[38;5;28mself\u001b[39m\u001b[38;5;241m.\u001b[39m_info_axis\u001b[38;5;241m.\u001b[39mget_loc(key)\n\u001b[1;32m   4111\u001b[0m \u001b[38;5;28;01mexcept\u001b[39;00m \u001b[38;5;167;01mKeyError\u001b[39;00m:\n\u001b[1;32m   4112\u001b[0m     \u001b[38;5;66;03m# This item wasn't present, just insert at end\u001b[39;00m\n\u001b[0;32m-> 4113\u001b[0m     \u001b[38;5;28;43mself\u001b[39;49m\u001b[38;5;241;43m.\u001b[39;49m\u001b[43m_mgr\u001b[49m\u001b[38;5;241;43m.\u001b[39;49m\u001b[43minsert\u001b[49m\u001b[43m(\u001b[49m\u001b[38;5;28;43mlen\u001b[39;49m\u001b[43m(\u001b[49m\u001b[38;5;28;43mself\u001b[39;49m\u001b[38;5;241;43m.\u001b[39;49m\u001b[43m_info_axis\u001b[49m\u001b[43m)\u001b[49m\u001b[43m,\u001b[49m\u001b[43m \u001b[49m\u001b[43mkey\u001b[49m\u001b[43m,\u001b[49m\u001b[43m \u001b[49m\u001b[43mvalue\u001b[49m\u001b[43m)\u001b[49m\n\u001b[1;32m   4114\u001b[0m \u001b[38;5;28;01melse\u001b[39;00m:\n\u001b[1;32m   4115\u001b[0m     \u001b[38;5;28mself\u001b[39m\u001b[38;5;241m.\u001b[39m_iset_item_mgr(loc, value)\n",
      "File \u001b[0;32m~/.conda/envs/mah_v1/lib/python3.8/site-packages/pandas/core/internals/managers.py:1403\u001b[0m, in \u001b[0;36mBlockManager.insert\u001b[0;34m(self, loc, item, value)\u001b[0m\n\u001b[1;32m   1401\u001b[0m     value \u001b[38;5;241m=\u001b[39m value\u001b[38;5;241m.\u001b[39mT\n\u001b[1;32m   1402\u001b[0m     \u001b[38;5;28;01mif\u001b[39;00m \u001b[38;5;28mlen\u001b[39m(value) \u001b[38;5;241m>\u001b[39m \u001b[38;5;241m1\u001b[39m:\n\u001b[0;32m-> 1403\u001b[0m         \u001b[38;5;28;01mraise\u001b[39;00m \u001b[38;5;167;01mValueError\u001b[39;00m(\n\u001b[1;32m   1404\u001b[0m             \u001b[38;5;124mf\u001b[39m\u001b[38;5;124m\"\u001b[39m\u001b[38;5;124mExpected a 1D array, got an array with shape \u001b[39m\u001b[38;5;132;01m{\u001b[39;00mvalue\u001b[38;5;241m.\u001b[39mT\u001b[38;5;241m.\u001b[39mshape\u001b[38;5;132;01m}\u001b[39;00m\u001b[38;5;124m\"\u001b[39m\n\u001b[1;32m   1405\u001b[0m         )\n\u001b[1;32m   1406\u001b[0m \u001b[38;5;28;01melse\u001b[39;00m:\n\u001b[1;32m   1407\u001b[0m     value \u001b[38;5;241m=\u001b[39m ensure_block_shape(value, ndim\u001b[38;5;241m=\u001b[39m\u001b[38;5;28mself\u001b[39m\u001b[38;5;241m.\u001b[39mndim)\n",
      "\u001b[0;31mValueError\u001b[0m: Expected a 1D array, got an array with shape (500, 500)"
     ]
    }
   ],
   "source": [
    "x = df[['carat', 'depth', 'price']].head(500)\n",
    "data = df[['carat', 'depth', 'price']]\n",
    "\n",
    "x_minus_mu = x - np.mean(data)\n",
    "left_term = np.dot(x_minus_mu, inv_covmat)\n",
    "mahal = np.dot(left_term, x_minus_mu.T)\n",
    "\n",
    "#--\n",
    "x['mahala']  = mahal\n",
    "print(x)"
   ]
  },
  {
   "cell_type": "code",
   "execution_count": 7,
   "metadata": {},
   "outputs": [
    {
     "data": {
      "text/html": [
       "<div>\n",
       "<style scoped>\n",
       "    .dataframe tbody tr th:only-of-type {\n",
       "        vertical-align: middle;\n",
       "    }\n",
       "\n",
       "    .dataframe tbody tr th {\n",
       "        vertical-align: top;\n",
       "    }\n",
       "\n",
       "    .dataframe thead th {\n",
       "        text-align: right;\n",
       "    }\n",
       "</style>\n",
       "<table border=\"1\" class=\"dataframe\">\n",
       "  <thead>\n",
       "    <tr style=\"text-align: right;\">\n",
       "      <th></th>\n",
       "      <th>carat</th>\n",
       "      <th>depth</th>\n",
       "      <th>price</th>\n",
       "      <th>mahala</th>\n",
       "    </tr>\n",
       "  </thead>\n",
       "  <tbody>\n",
       "    <tr>\n",
       "      <th>0</th>\n",
       "      <td>0.23</td>\n",
       "      <td>61.5</td>\n",
       "      <td>326</td>\n",
       "      <td>5.239696e+07</td>\n",
       "    </tr>\n",
       "    <tr>\n",
       "      <th>1</th>\n",
       "      <td>0.21</td>\n",
       "      <td>59.8</td>\n",
       "      <td>326</td>\n",
       "      <td>5.239896e+07</td>\n",
       "    </tr>\n",
       "    <tr>\n",
       "      <th>2</th>\n",
       "      <td>0.23</td>\n",
       "      <td>56.9</td>\n",
       "      <td>327</td>\n",
       "      <td>5.239813e+07</td>\n",
       "    </tr>\n",
       "    <tr>\n",
       "      <th>3</th>\n",
       "      <td>0.29</td>\n",
       "      <td>62.4</td>\n",
       "      <td>334</td>\n",
       "      <td>5.239210e+07</td>\n",
       "    </tr>\n",
       "    <tr>\n",
       "      <th>4</th>\n",
       "      <td>0.31</td>\n",
       "      <td>63.3</td>\n",
       "      <td>335</td>\n",
       "      <td>5.239031e+07</td>\n",
       "    </tr>\n",
       "  </tbody>\n",
       "</table>\n",
       "</div>"
      ],
      "text/plain": [
       "   carat  depth  price        mahala\n",
       "0   0.23   61.5    326  5.239696e+07\n",
       "1   0.21   59.8    326  5.239896e+07\n",
       "2   0.23   56.9    327  5.239813e+07\n",
       "3   0.29   62.4    334  5.239210e+07\n",
       "4   0.31   63.3    335  5.239031e+07"
      ]
     },
     "execution_count": 7,
     "metadata": {},
     "output_type": "execute_result"
    }
   ],
   "source": [
    "def mahalanobis(x=None, data=None, cov=None):\n",
    "    \"\"\"Compute the Mahalanobis Distance between each row of x and the data  \n",
    "    x    : vector or matrix of data with, say, p columns.\n",
    "    data : ndarray of the distribution from which Mahalanobis distance of each observation of x is to be computed.\n",
    "    cov  : covariance matrix (p x p) of the distribution. If None, will be computed from data.\n",
    "    \"\"\"\n",
    "    x_minus_mu = x - np.mean(data)\n",
    "    if not cov:\n",
    "        cov = np.cov(data.values.T)\n",
    "    inv_covmat = sp.linalg.inv(cov)\n",
    "    left_term = np.dot(x_minus_mu, inv_covmat)\n",
    "    mahal = np.dot(left_term, x_minus_mu.T)\n",
    "    return mahal.diagonal()\n",
    "\n",
    "df_x = df[['carat', 'depth', 'price']].head(500)\n",
    "df_x['mahala'] = mahalanobis(x=df_x, data=df[['carat', 'depth', 'price']])\n",
    "df_x.head()"
   ]
  },
  {
   "cell_type": "code",
   "execution_count": 26,
   "metadata": {},
   "outputs": [
    {
     "data": {
      "text/html": [
       "<div>\n",
       "<style scoped>\n",
       "    .dataframe tbody tr th:only-of-type {\n",
       "        vertical-align: middle;\n",
       "    }\n",
       "\n",
       "    .dataframe tbody tr th {\n",
       "        vertical-align: top;\n",
       "    }\n",
       "\n",
       "    .dataframe thead th {\n",
       "        text-align: right;\n",
       "    }\n",
       "</style>\n",
       "<table border=\"1\" class=\"dataframe\">\n",
       "  <thead>\n",
       "    <tr style=\"text-align: right;\">\n",
       "      <th></th>\n",
       "      <th>carat</th>\n",
       "      <th>depth</th>\n",
       "      <th>price</th>\n",
       "      <th>mahala</th>\n",
       "    </tr>\n",
       "  </thead>\n",
       "  <tbody>\n",
       "    <tr>\n",
       "      <th>0</th>\n",
       "      <td>0.23</td>\n",
       "      <td>61.5</td>\n",
       "      <td>326</td>\n",
       "      <td>19020.255677</td>\n",
       "    </tr>\n",
       "    <tr>\n",
       "      <th>1</th>\n",
       "      <td>0.21</td>\n",
       "      <td>59.8</td>\n",
       "      <td>326</td>\n",
       "      <td>19020.494355</td>\n",
       "    </tr>\n",
       "    <tr>\n",
       "      <th>2</th>\n",
       "      <td>0.23</td>\n",
       "      <td>56.9</td>\n",
       "      <td>327</td>\n",
       "      <td>19020.129883</td>\n",
       "    </tr>\n",
       "    <tr>\n",
       "      <th>3</th>\n",
       "      <td>0.29</td>\n",
       "      <td>62.4</td>\n",
       "      <td>334</td>\n",
       "      <td>19019.444014</td>\n",
       "    </tr>\n",
       "    <tr>\n",
       "      <th>4</th>\n",
       "      <td>0.31</td>\n",
       "      <td>63.3</td>\n",
       "      <td>335</td>\n",
       "      <td>19019.185743</td>\n",
       "    </tr>\n",
       "  </tbody>\n",
       "</table>\n",
       "</div>"
      ],
      "text/plain": [
       "   carat  depth  price        mahala\n",
       "0   0.23   61.5    326  19020.255677\n",
       "1   0.21   59.8    326  19020.494355\n",
       "2   0.23   56.9    327  19020.129883\n",
       "3   0.29   62.4    334  19019.444014\n",
       "4   0.31   63.3    335  19019.185743"
      ]
     },
     "execution_count": 26,
     "metadata": {},
     "output_type": "execute_result"
    }
   ],
   "source": [
    "# 5. How to compute Mahalanobis Distance in Python\n",
    "# 계산코드 수정 필요. 아무래도 covariance 가 잘못 뽑히는 느낌인데.. ! \n",
    "\n",
    "def mahalanobis(x=None, data=None, cov=None):\n",
    "    \"\"\"Compute the Mahalanobis Distance between each row of x and the data  \n",
    "    x    : vector or matrix of data with, say, p columns.\n",
    "    data : ndarray of the distribution from which Mahalanobis distance of each observation of x is to be computed.\n",
    "    cov  : covariance matrix (p x p) of the distribution. If None, will be computed from data.\n",
    "    \"\"\"\n",
    "    #Minimum covariance determinant\n",
    "    \n",
    "    \n",
    "    #cov = np.cov(data.values.T)    \n",
    "    #rng = np.random.RandomState(0)\n",
    "    #x = rng.multivariate_normal(mean=np.mean(df, axis=0), cov=cov, size=506)\n",
    "    cov = MinCovDet(random_state=0).fit(data.values)\n",
    "    mcd = cov.covariance_ #robust covariance metric\n",
    "    inv_covmat = sp.linalg.inv(mcd)\n",
    "    \n",
    "    x_minus_mu = x - np.mean(data)\n",
    "    left_term = np.dot(x_minus_mu, inv_covmat)\n",
    "    mahal = np.dot(left_term, x_minus_mu.T)\n",
    "    md = np.sqrt(mahal.diagonal())\n",
    "    return md\n",
    "    \n",
    "    # rng = np.random.RandomState(0)\n",
    "    # real_cov = np.cov(df.values.T)\n",
    "    # X = rng.multivariate_normal(mean=np.mean(df, axis=0), cov=real_cov, size=506)\n",
    "    # cov = MinCovDet(random_state=0).fit(X)\n",
    "    # mcd = cov.covariance_ #robust covariance metric\n",
    "    # robust_mean = cov.location_  #robust mean\n",
    "    # inv_covmat = sp.linalg.inv(mcd) #inverse covariance metric\n",
    "    \n",
    "    # #Robust M-Distance\n",
    "    # x_minus_mu = df - robust_mean\n",
    "    # left_term = np.dot(x_minus_mu, inv_covmat)\n",
    "    # mahal = np.dot(left_term, x_minus_mu.T)\n",
    "    # md = np.sqrt(mahal.diagonal())\n",
    "    \n",
    "    # return md \n",
    "\n",
    "\n",
    "df_x = df[['carat', 'depth', 'price']].head(506)\n",
    "df_x['mahala'] = mahalanobis(x=df_x, data=df[['carat', 'depth', 'price']])\n",
    "df_x.head()"
   ]
  },
  {
   "cell_type": "code",
   "execution_count": 10,
   "metadata": {},
   "outputs": [
    {
     "data": {
      "text/plain": [
       "9.21034037197618"
      ]
     },
     "execution_count": 10,
     "metadata": {},
     "output_type": "execute_result"
    }
   ],
   "source": [
    "# 6. Usecase 1: Multivariate outlier detection using Mahalanobis distance\n",
    "\n",
    "# Assuming that the test statistic follows chi-square distributed with ‘n’ degree of freedom, the critical value at a 0.01 significance level and 2 degrees of freedom is computed as:\n",
    "# Critical values for two degrees of freedom\n",
    "from scipy.stats import chi2\n",
    "chi2.ppf((1-0.01), df=2)\n",
    "#> 9.21"
   ]
  },
  {
   "cell_type": "code",
   "execution_count": 11,
   "metadata": {},
   "outputs": [
    {
     "data": {
      "text/html": [
       "<div>\n",
       "<style scoped>\n",
       "    .dataframe tbody tr th:only-of-type {\n",
       "        vertical-align: middle;\n",
       "    }\n",
       "\n",
       "    .dataframe tbody tr th {\n",
       "        vertical-align: top;\n",
       "    }\n",
       "\n",
       "    .dataframe thead th {\n",
       "        text-align: right;\n",
       "    }\n",
       "</style>\n",
       "<table border=\"1\" class=\"dataframe\">\n",
       "  <thead>\n",
       "    <tr style=\"text-align: right;\">\n",
       "      <th></th>\n",
       "      <th>carat</th>\n",
       "      <th>depth</th>\n",
       "      <th>price</th>\n",
       "      <th>mahala</th>\n",
       "      <th>p_value</th>\n",
       "    </tr>\n",
       "  </thead>\n",
       "  <tbody>\n",
       "    <tr>\n",
       "      <th>0</th>\n",
       "      <td>0.23</td>\n",
       "      <td>61.5</td>\n",
       "      <td>326</td>\n",
       "      <td>5.239696e+07</td>\n",
       "      <td>0.0</td>\n",
       "    </tr>\n",
       "    <tr>\n",
       "      <th>1</th>\n",
       "      <td>0.21</td>\n",
       "      <td>59.8</td>\n",
       "      <td>326</td>\n",
       "      <td>5.239896e+07</td>\n",
       "      <td>0.0</td>\n",
       "    </tr>\n",
       "    <tr>\n",
       "      <th>2</th>\n",
       "      <td>0.23</td>\n",
       "      <td>56.9</td>\n",
       "      <td>327</td>\n",
       "      <td>5.239813e+07</td>\n",
       "      <td>0.0</td>\n",
       "    </tr>\n",
       "    <tr>\n",
       "      <th>3</th>\n",
       "      <td>0.29</td>\n",
       "      <td>62.4</td>\n",
       "      <td>334</td>\n",
       "      <td>5.239210e+07</td>\n",
       "      <td>0.0</td>\n",
       "    </tr>\n",
       "    <tr>\n",
       "      <th>4</th>\n",
       "      <td>0.31</td>\n",
       "      <td>63.3</td>\n",
       "      <td>335</td>\n",
       "      <td>5.239031e+07</td>\n",
       "      <td>0.0</td>\n",
       "    </tr>\n",
       "    <tr>\n",
       "      <th>5</th>\n",
       "      <td>0.24</td>\n",
       "      <td>62.8</td>\n",
       "      <td>336</td>\n",
       "      <td>5.239594e+07</td>\n",
       "      <td>0.0</td>\n",
       "    </tr>\n",
       "    <tr>\n",
       "      <th>6</th>\n",
       "      <td>0.24</td>\n",
       "      <td>62.3</td>\n",
       "      <td>336</td>\n",
       "      <td>5.239606e+07</td>\n",
       "      <td>0.0</td>\n",
       "    </tr>\n",
       "    <tr>\n",
       "      <th>7</th>\n",
       "      <td>0.26</td>\n",
       "      <td>61.9</td>\n",
       "      <td>337</td>\n",
       "      <td>5.239460e+07</td>\n",
       "      <td>0.0</td>\n",
       "    </tr>\n",
       "    <tr>\n",
       "      <th>8</th>\n",
       "      <td>0.22</td>\n",
       "      <td>65.1</td>\n",
       "      <td>337</td>\n",
       "      <td>5.239695e+07</td>\n",
       "      <td>0.0</td>\n",
       "    </tr>\n",
       "    <tr>\n",
       "      <th>9</th>\n",
       "      <td>0.23</td>\n",
       "      <td>59.4</td>\n",
       "      <td>338</td>\n",
       "      <td>5.239759e+07</td>\n",
       "      <td>0.0</td>\n",
       "    </tr>\n",
       "  </tbody>\n",
       "</table>\n",
       "</div>"
      ],
      "text/plain": [
       "   carat  depth  price        mahala  p_value\n",
       "0   0.23   61.5    326  5.239696e+07      0.0\n",
       "1   0.21   59.8    326  5.239896e+07      0.0\n",
       "2   0.23   56.9    327  5.239813e+07      0.0\n",
       "3   0.29   62.4    334  5.239210e+07      0.0\n",
       "4   0.31   63.3    335  5.239031e+07      0.0\n",
       "5   0.24   62.8    336  5.239594e+07      0.0\n",
       "6   0.24   62.3    336  5.239606e+07      0.0\n",
       "7   0.26   61.9    337  5.239460e+07      0.0\n",
       "8   0.22   65.1    337  5.239695e+07      0.0\n",
       "9   0.23   59.4    338  5.239759e+07      0.0"
      ]
     },
     "execution_count": 11,
     "metadata": {},
     "output_type": "execute_result"
    }
   ],
   "source": [
    "# Compute the P-Values\n",
    "df_x['p_value'] = 1 - chi2.cdf(df_x['mahala'], 2)\n",
    "\n",
    "# Extreme values with a significance level of 0.01\n",
    "df_x.loc[df_x.p_value < 0.01].head(10)"
   ]
  },
  {
   "cell_type": "code",
   "execution_count": 16,
   "metadata": {},
   "outputs": [
    {
     "data": {
      "text/html": [
       "<div>\n",
       "<style scoped>\n",
       "    .dataframe tbody tr th:only-of-type {\n",
       "        vertical-align: middle;\n",
       "    }\n",
       "\n",
       "    .dataframe tbody tr th {\n",
       "        vertical-align: top;\n",
       "    }\n",
       "\n",
       "    .dataframe thead th {\n",
       "        text-align: right;\n",
       "    }\n",
       "</style>\n",
       "<table border=\"1\" class=\"dataframe\">\n",
       "  <thead>\n",
       "    <tr style=\"text-align: right;\">\n",
       "      <th></th>\n",
       "      <th>Cl.thickness</th>\n",
       "      <th>Cell.size</th>\n",
       "      <th>Marg.adhesion</th>\n",
       "      <th>Epith.c.size</th>\n",
       "      <th>Bare.nuclei</th>\n",
       "      <th>Bl.cromatin</th>\n",
       "      <th>Normal.nucleoli</th>\n",
       "      <th>Mitoses</th>\n",
       "      <th>Class</th>\n",
       "    </tr>\n",
       "  </thead>\n",
       "  <tbody>\n",
       "    <tr>\n",
       "      <th>0</th>\n",
       "      <td>5</td>\n",
       "      <td>1</td>\n",
       "      <td>1</td>\n",
       "      <td>2</td>\n",
       "      <td>1.0</td>\n",
       "      <td>3</td>\n",
       "      <td>1</td>\n",
       "      <td>1</td>\n",
       "      <td>0</td>\n",
       "    </tr>\n",
       "    <tr>\n",
       "      <th>1</th>\n",
       "      <td>5</td>\n",
       "      <td>4</td>\n",
       "      <td>5</td>\n",
       "      <td>7</td>\n",
       "      <td>10.0</td>\n",
       "      <td>3</td>\n",
       "      <td>2</td>\n",
       "      <td>1</td>\n",
       "      <td>0</td>\n",
       "    </tr>\n",
       "    <tr>\n",
       "      <th>2</th>\n",
       "      <td>3</td>\n",
       "      <td>1</td>\n",
       "      <td>1</td>\n",
       "      <td>2</td>\n",
       "      <td>2.0</td>\n",
       "      <td>3</td>\n",
       "      <td>1</td>\n",
       "      <td>1</td>\n",
       "      <td>0</td>\n",
       "    </tr>\n",
       "    <tr>\n",
       "      <th>3</th>\n",
       "      <td>6</td>\n",
       "      <td>8</td>\n",
       "      <td>1</td>\n",
       "      <td>3</td>\n",
       "      <td>4.0</td>\n",
       "      <td>3</td>\n",
       "      <td>7</td>\n",
       "      <td>1</td>\n",
       "      <td>0</td>\n",
       "    </tr>\n",
       "    <tr>\n",
       "      <th>4</th>\n",
       "      <td>4</td>\n",
       "      <td>1</td>\n",
       "      <td>3</td>\n",
       "      <td>2</td>\n",
       "      <td>1.0</td>\n",
       "      <td>3</td>\n",
       "      <td>1</td>\n",
       "      <td>1</td>\n",
       "      <td>0</td>\n",
       "    </tr>\n",
       "  </tbody>\n",
       "</table>\n",
       "</div>"
      ],
      "text/plain": [
       "   Cl.thickness  Cell.size  Marg.adhesion  Epith.c.size  Bare.nuclei  \\\n",
       "0             5          1              1             2          1.0   \n",
       "1             5          4              5             7         10.0   \n",
       "2             3          1              1             2          2.0   \n",
       "3             6          8              1             3          4.0   \n",
       "4             4          1              3             2          1.0   \n",
       "\n",
       "   Bl.cromatin  Normal.nucleoli  Mitoses  Class  \n",
       "0            3                1        1      0  \n",
       "1            3                2        1      0  \n",
       "2            3                1        1      0  \n",
       "3            3                7        1      0  \n",
       "4            3                1        1      0  "
      ]
     },
     "execution_count": 16,
     "metadata": {},
     "output_type": "execute_result"
    }
   ],
   "source": [
    "#7. Usecase 2: Mahalanobis Distance for Classification Problems\n",
    "\n",
    "df = pd.read_csv('https://raw.githubusercontent.com/selva86/datasets/master/BreastCancer.csv', \n",
    "                 usecols=['Cl.thickness', 'Cell.size', 'Marg.adhesion', \n",
    "                          'Epith.c.size', 'Bare.nuclei', 'Bl.cromatin', 'Normal.nucleoli', \n",
    "                          'Mitoses', 'Class'])\n",
    "\n",
    "df.dropna(inplace=True)  # drop missing values.\n",
    "df.head()"
   ]
  },
  {
   "cell_type": "code",
   "execution_count": 17,
   "metadata": {},
   "outputs": [],
   "source": [
    "from sklearn.model_selection import train_test_split\n",
    "xtrain, xtest, ytrain, ytest = train_test_split(df.drop('Class', axis=1), df['Class'], test_size=.3, random_state=100)\n",
    "\n",
    "# Split the training data as pos and neg\n",
    "xtrain_pos = xtrain.loc[ytrain == 1, :]\n",
    "xtrain_neg = xtrain.loc[ytrain == 0, :]"
   ]
  },
  {
   "cell_type": "code",
   "execution_count": 18,
   "metadata": {},
   "outputs": [
    {
     "name": "stdout",
     "output_type": "stream",
     "text": [
      "[[ 0.17744041 -0.00918643  0.02771295 -0.00106467  0.00250118  0.0062317\n",
      "   0.00897083 -0.02249937]\n",
      " [-0.00918643  0.21368131 -0.03170535 -0.07922599  0.01335516 -0.06796955\n",
      "  -0.01086835 -0.00328831]\n",
      " [ 0.02771295 -0.03170535  0.11748705  0.00059308 -0.02193534 -0.03019262\n",
      "   0.00288361 -0.01997145]\n",
      " [-0.00106467 -0.07922599  0.00059308  0.23234442  0.01182632  0.0005974\n",
      "  -0.01499568 -0.05246295]\n",
      " [ 0.00250118  0.01335516 -0.02193534  0.01182632  0.11084946 -0.02000894\n",
      "   0.00569901 -0.00364199]\n",
      " [ 0.0062317  -0.06796955 -0.03019262  0.0005974  -0.02000894  0.24988235\n",
      "  -0.03264873  0.01698308]\n",
      " [ 0.00897083 -0.01086835  0.00288361 -0.01499568  0.00569901 -0.03264873\n",
      "   0.10353676 -0.01444254]\n",
      " [-0.02249937 -0.00328831 -0.01997145 -0.05246295 -0.00364199  0.01698308\n",
      "  -0.01444254  0.17715793]]\n",
      "[[ 4.00835759e-01 -1.75719667e-01 -1.29937585e-01  2.03807812e-02\n",
      "   4.42606715e-02  7.10822431e-04 -7.25546132e-02  7.30548046e-02]\n",
      " [-1.75719667e-01  2.44411395e+00 -4.15994556e-01 -3.54428473e-01\n",
      "  -5.72017686e-01 -1.18666436e-01 -3.31919190e-01 -5.33369216e-02]\n",
      " [-1.29937585e-01 -4.15994556e-01  2.22846729e+00 -1.14021049e-01\n",
      "  -2.30282861e-01  2.46937708e-04 -3.77789270e-01 -9.49622224e-02]\n",
      " [ 2.03807812e-02 -3.54428473e-01 -1.14021049e-01  1.65739382e+00\n",
      "  -1.71350511e-01  8.98808743e-02 -6.96935445e-01  1.67021234e-01]\n",
      " [ 4.42606715e-02 -5.72017686e-01 -2.30282861e-01 -1.71350511e-01\n",
      "   1.01111236e+00 -1.45648277e-01  6.96897738e-02 -1.16644685e-01]\n",
      " [ 7.10822431e-04 -1.18666436e-01  2.46937708e-04  8.98808743e-02\n",
      "  -1.45648277e-01  1.13632498e+00 -4.26014493e-01  1.97759379e-01]\n",
      " [-7.25546132e-02 -3.31919190e-01 -3.77789270e-01 -6.96935445e-01\n",
      "   6.96897738e-02 -4.26014493e-01  1.93021597e+00 -1.41681296e-01]\n",
      " [ 7.30548046e-02 -5.33369216e-02 -9.49622224e-02  1.67021234e-01\n",
      "  -1.16644685e-01  1.97759379e-01 -1.41681296e-01  2.92331582e+00]]\n",
      "[[ 0.17744041 -0.00918643  0.02771295 -0.00106467  0.00250118  0.0062317\n",
      "   0.00897083 -0.02249937]\n",
      " [-0.00918643  0.21368131 -0.03170535 -0.07922599  0.01335516 -0.06796955\n",
      "  -0.01086835 -0.00328831]\n",
      " [ 0.02771295 -0.03170535  0.11748705  0.00059308 -0.02193534 -0.03019262\n",
      "   0.00288361 -0.01997145]\n",
      " [-0.00106467 -0.07922599  0.00059308  0.23234442  0.01182632  0.0005974\n",
      "  -0.01499568 -0.05246295]\n",
      " [ 0.00250118  0.01335516 -0.02193534  0.01182632  0.11084946 -0.02000894\n",
      "   0.00569901 -0.00364199]\n",
      " [ 0.0062317  -0.06796955 -0.03019262  0.0005974  -0.02000894  0.24988235\n",
      "  -0.03264873  0.01698308]\n",
      " [ 0.00897083 -0.01086835  0.00288361 -0.01499568  0.00569901 -0.03264873\n",
      "   0.10353676 -0.01444254]\n",
      " [-0.02249937 -0.00328831 -0.01997145 -0.05246295 -0.00364199  0.01698308\n",
      "  -0.01444254  0.17715793]]\n",
      "[[ 4.00835759e-01 -1.75719667e-01 -1.29937585e-01  2.03807812e-02\n",
      "   4.42606715e-02  7.10822431e-04 -7.25546132e-02  7.30548046e-02]\n",
      " [-1.75719667e-01  2.44411395e+00 -4.15994556e-01 -3.54428473e-01\n",
      "  -5.72017686e-01 -1.18666436e-01 -3.31919190e-01 -5.33369216e-02]\n",
      " [-1.29937585e-01 -4.15994556e-01  2.22846729e+00 -1.14021049e-01\n",
      "  -2.30282861e-01  2.46937708e-04 -3.77789270e-01 -9.49622224e-02]\n",
      " [ 2.03807812e-02 -3.54428473e-01 -1.14021049e-01  1.65739382e+00\n",
      "  -1.71350511e-01  8.98808743e-02 -6.96935445e-01  1.67021234e-01]\n",
      " [ 4.42606715e-02 -5.72017686e-01 -2.30282861e-01 -1.71350511e-01\n",
      "   1.01111236e+00 -1.45648277e-01  6.96897738e-02 -1.16644685e-01]\n",
      " [ 7.10822431e-04 -1.18666436e-01  2.46937708e-04  8.98808743e-02\n",
      "  -1.45648277e-01  1.13632498e+00 -4.26014493e-01  1.97759379e-01]\n",
      " [-7.25546132e-02 -3.31919190e-01 -3.77789270e-01 -6.96935445e-01\n",
      "   6.96897738e-02 -4.26014493e-01  1.93021597e+00 -1.41681296e-01]\n",
      " [ 7.30548046e-02 -5.33369216e-02 -9.49622224e-02  1.67021234e-01\n",
      "  -1.16644685e-01  1.97759379e-01 -1.41681296e-01  2.92331582e+00]]\n",
      "   pred  true\n",
      "0     1     0\n",
      "1     1     1\n",
      "2     0     0\n",
      "3     1     0\n",
      "4     0     0\n"
     ]
    }
   ],
   "source": [
    "class MahalanobisBinaryClassifier():\n",
    "    def __init__(self, xtrain, ytrain):\n",
    "        self.xtrain_pos = xtrain.loc[ytrain == 1, :]\n",
    "        self.xtrain_neg = xtrain.loc[ytrain == 0, :]\n",
    "\n",
    "    def predict_proba(self, xtest):\n",
    "        pos_neg_dists = [(p,n) for p, n in zip(mahalanobis(xtest, self.xtrain_pos), mahalanobis(xtest, self.xtrain_neg))]\n",
    "        return np.array([(1-n/(p+n), 1-p/(p+n)) for p,n in pos_neg_dists])\n",
    "\n",
    "    def predict(self, xtest):\n",
    "        return np.array([np.argmax(row) for row in self.predict_proba(xtest)])\n",
    "\n",
    "\n",
    "clf = MahalanobisBinaryClassifier(xtrain, ytrain)        \n",
    "pred_probs = clf.predict_proba(xtest)\n",
    "pred_class = clf.predict(xtest)\n",
    "\n",
    "# Pred and Truth\n",
    "pred_actuals = pd.DataFrame([(pred, act) for pred, act in zip(pred_class, ytest)], columns=['pred', 'true'])\n",
    "print(pred_actuals[:5])        "
   ]
  },
  {
   "cell_type": "code",
   "execution_count": 19,
   "metadata": {},
   "outputs": [
    {
     "name": "stdout",
     "output_type": "stream",
     "text": [
      "AUROC:  0.9867692307692308\n",
      "\n",
      "Confusion Matrix: \n",
      " [[96 34]\n",
      " [ 0 75]]\n",
      "\n",
      "Accuracy Score:  0.8341463414634146\n",
      "\n",
      "Classification Report: \n",
      "               precision    recall  f1-score   support\n",
      "\n",
      "           0       1.00      0.74      0.85       130\n",
      "           1       0.69      1.00      0.82        75\n",
      "\n",
      "    accuracy                           0.83       205\n",
      "   macro avg       0.84      0.87      0.83       205\n",
      "weighted avg       0.89      0.83      0.84       205\n",
      "\n"
     ]
    }
   ],
   "source": [
    "from sklearn.metrics import classification_report, accuracy_score, roc_auc_score, confusion_matrix\n",
    "truth = pred_actuals.loc[:, 'true']\n",
    "pred = pred_actuals.loc[:, 'pred']\n",
    "scores = np.array(pred_probs)[:, 1]\n",
    "print('AUROC: ', roc_auc_score(truth, scores))\n",
    "print('\\nConfusion Matrix: \\n', confusion_matrix(truth, pred))\n",
    "print('\\nAccuracy Score: ', accuracy_score(truth, pred))\n",
    "print('\\nClassification Report: \\n', classification_report(truth, pred))"
   ]
  },
  {
   "cell_type": "code",
   "execution_count": 20,
   "metadata": {},
   "outputs": [],
   "source": [
    "# 아래는 블로그에서 측정한 값, mah 가 잘못측정되어서,, confusion matrix 가 다소 낮은 것으로 확인해 볼 수 있다 . \n",
    "# AUROC:  0.9909743589743589\n",
    "\n",
    "# Confusion Matrix: \n",
    "#  [[113  17]\n",
    "#  [  0  75]]\n",
    "\n",
    "# Accuracy Score:  0.9170731707317074\n",
    "\n",
    "# Classification Report: \n",
    "#               precision    recall  f1-score   support\n",
    "\n",
    "#           0       1.00      0.87      0.93       130\n",
